scorer,DLC_resnet50_cb4_networkMar13shuffle1_200000,DLC_resnet50_cb4_networkMar13shuffle1_200000,DLC_resnet50_cb4_networkMar13shuffle1_200000,DLC_resnet50_cb4_networkMar13shuffle1_200000,DLC_resnet50_cb4_networkMar13shuffle1_200000,DLC_resnet50_cb4_networkMar13shuffle1_200000,DLC_resnet50_cb4_networkMar13shuffle1_200000,DLC_resnet50_cb4_networkMar13shuffle1_200000,DLC_resnet50_cb4_networkMar13shuffle1_200000,DLC_resnet50_cb4_networkMar13shuffle1_200000,DLC_resnet50_cb4_networkMar13shuffle1_200000,DLC_resnet50_cb4_networkMar13shuffle1_200000,DLC_resnet50_cb4_networkMar13shuffle1_200000,DLC_resnet50_cb4_networkMar13shuffle1_200000,DLC_resnet50_cb4_networkMar13shuffle1_200000
bodyparts,ASIS,ASIS,ASIS,Hip,Hip,Hip,Knee,Knee,Knee,Ankle,Ankle,Ankle,Toe,Toe,Toe
coords,x,y,likelihood,x,y,likelihood,x,y,likelihood,x,y,likelihood,x,y,likelihood
0,1363.7879638671875,349.9000549316406,0.9761602282524109,1243.1324462890625,382.9139404296875,0.9886433482170105,1363.511474609375,476.04766845703125,0.9772655367851257,1050.2655029296875,486.0874938964844,0.9857784509658813,1104.3656005859375,578.9058837890625,0.8998622894287109
1,1365.2059326171875,350.3655090332031,0.9730650186538696,1244.32373046875,382.8385314941406,0.9887899160385132,1363.5177001953125,476.3910827636719,0.976459264755249,1048.1322021484375,484.2333984375,0.9779638051986694,1100.0262451171875,580.1568603515625,0.9090580940246582
2,1365.8944091796875,350.677734375,0.9759860038757324,1245.202880859375,382.6789855957031,0.9854401350021362,1363.5966796875,476.50262451171875,0.9758605360984802,1046.5931396484375,482.14947509765625,0.9795734882354736,1094.1937255859375,579.7797241210938,0.926654577255249
3,1366.133544921875,350.6995544433594,0.9792612791061401,1246.1610107421875,382.3007507324219,0.9823310971260071,1363.5609130859375,476.47406005859375,0.9760662913322449,1045.3480224609375,479.6953125,0.9792855978012085,1091.0458984375,578.7645263671875,0.9258702993392944
4,1366.8138427734375,350.5753479003906,0.9748495817184448,1248.6849365234375,381.42822265625,0.9875947833061218,1363.8934326171875,475.79730224609375,0.9775810241699219,1042.943603515625,476.7266845703125,0.9864338040351868,1087.11328125,578.7498779296875,0.9062074422836304
5,1367.26953125,350.1340026855469,0.9724189639091492,1249.3846435546875,380.4153747558594,0.9905205368995667,1364.8436279296875,474.9078674316406,0.979778528213501,1040.98193359375,474.8251647949219,0.9871636033058167,1084.83642578125,578.5785522460938,0.9021131992340088
6,1369.0345458984375,348.35009765625,0.9731242060661316,1250.211669921875,379.1610412597656,0.9899500608444214,1364.8936767578125,474.1383972167969,0.9806158542633057,1040.0814208984375,473.48321533203125,0.9904205203056335,1078.5345458984375,577.2156982421875,0.9168367385864258
7,1370.00537109375,347.72454833984375,0.9832891821861267,1250.9202880859375,377.3223876953125,0.9830020666122437,1365.9503173828125,473.0475769042969,0.9829733371734619,1039.380126953125,471.392822265625,0.9879465103149414,1076.1693115234375,576.453857421875,0.9209193587303162
8,1370.4031982421875,346.59674072265625,0.9812798500061035,1252.2850341796875,375.0101013183594,0.9772604703903198,1366.1168212890625,472.3857421875,0.9829220771789551,1037.3526611328125,469.63446044921875,0.9882161617279053,1073.29638671875,576.26220703125,0.9032359719276428
9,1371.64111328125,345.2211608886719,0.9744457006454468,1253.535400390625,372.8854675292969,0.9809590578079224,1366.56103515625,470.9476318359375,0.9830151796340942,1035.4913330078125,468.3096923828125,0.986569344997406,1069.3206787109375,575.9715576171875,0.927276074886322
10,1372.7508544921875,343.25341796875,0.9704108238220215,1254.7098388671875,370.73187255859375,0.9837343692779541,1367.0201416015625,468.0719909667969,0.9751279354095459,1035.1717529296875,466.3332214355469,0.9826488494873047,1067.1085205078125,573.15234375,0.9222401976585388
11,1374.2559814453125,341.6631774902344,0.9721869230270386,1255.7906494140625,368.5411682128906,0.9822267293930054,1366.8922119140625,466.06060791015625,0.9637460708618164,1036.6544189453125,462.986572265625,0.9676201343536377,1061.63525390625,572.7135620117188,0.9453685283660889
12,1376.44482421875,340.8829650878906,0.9795732498168945,1257.3134765625,366.311767578125,0.9841550588607788,1367.690673828125,462.80615234375,0.9570477604866028,1035.7596435546875,461.10430908203125,0.9871466159820557,1058.7730712890625,571.8192138671875,0.9312397241592407
13,1377.6455078125,339.1680603027344,0.9851654171943665,1258.1380615234375,364.49615478515625,0.9859447479248047,1368.2998046875,461.1104736328125,0.9590409994125366,1033.9285888671875,459.184814453125,0.9907538890838623,1052.8170166015625,572.0814208984375,0.9361544251441956
14,1378.729736328125,337.2698669433594,0.975407600402832,1258.6556396484375,362.34088134765625,0.9871845245361328,1369.3253173828125,458.4894104003906,0.971599817276001,1033.107421875,457.2231750488281,0.9922845363616943,1050.259033203125,571.4183959960938,0.9285902976989746
15,1380.154541015625,334.4684143066406,0.9616039991378784,1259.7344970703125,358.8274230957031,0.9834352135658264,1369.7322998046875,457.0191650390625,0.9746025800704956,1032.7598876953125,455.4864807128906,0.9895198941230774,1044.8994140625,569.9224853515625,0.9270617365837097
16,1380.8350830078125,332.3548278808594,0.9709429740905762,1260.79638671875,355.6260681152344,0.990544319152832,1370.1937255859375,454.65240478515625,0.9791543483734131,1032.7747802734375,453.632080078125,0.9800493717193604,1040.580322265625,569.7403564453125,0.8879874348640442
17,1381.9066162109375,330.2558898925781,0.975380539894104,1261.65185546875,352.8593444824219,0.9894875288009644,1370.55712890625,451.1161193847656,0.9717659950256348,1032.66162109375,451.3260803222656,0.981548547744751,1033.920654296875,566.5333862304688,0.8772573471069336
18,1381.1285400390625,328.2012023925781,0.9766364097595215,1262.56787109375,350.6017150878906,0.9859503507614136,1370.636474609375,448.6883850097656,0.952890157699585,1032.96240234375,448.6495056152344,0.9690412282943726,1028.7783203125,563.295166015625,0.8996121883392334
19,1381.4276123046875,326.07989501953125,0.9805546998977661,1264.1004638671875,348.63446044921875,0.9886417984962463,1370.3782958984375,445.87933349609375,0.9559444189071655,1031.621826171875,445.6192626953125,0.9802191257476807,1023.2193603515625,561.94140625,0.9110018014907837
20,1384.5946044921875,322.6734313964844,0.9666363000869751,1264.4219970703125,346.05352783203125,0.9827967882156372,1370.4552001953125,443.3758850097656,0.9743490219116211,1031.653076171875,444.4511413574219,0.9807021617889404,1017.1996459960938,558.3092041015625,0.8958064913749695
21,1385.54931640625,321.348876953125,0.9736301898956299,1265.8953857421875,343.12811279296875,0.972741961479187,1371.1837158203125,441.22137451171875,0.9707803726196289,1031.843994140625,443.6468200683594,0.9802202582359314,1012.0409545898438,557.5695190429688,0.9310029149055481
22,1385.9862060546875,319.4569091796875,0.9680794477462769,1266.07568359375,340.28741455078125,0.9852828979492188,1371.5599365234375,438.5089416503906,0.9780455827713013,1031.9700927734375,443.4753723144531,0.9749637842178345,1006.396484375,555.7835693359375,0.8999855518341064
23,1386.3997802734375,315.6092529296875,0.9747714996337891,1266.5989990234375,337.2431945800781,0.9886645078659058,1371.2762451171875,435.1382751464844,0.9710814952850342,1031.9586181640625,443.5938415527344,0.9710777997970581,1001.6312255859375,550.8271484375,0.9329354763031006
24,1385.5556640625,313.2278137207031,0.9751099348068237,1266.5118408203125,335.39361572265625,0.9894925951957703,1370.9744873046875,432.82501220703125,0.9529863595962524,1034.4066162109375,444.0513916015625,0.9674668312072754,997.4185180664062,548.3123779296875,0.9463313817977905
25,1385.39892578125,309.7919616699219,0.9740715026855469,1265.7196044921875,333.7286376953125,0.992293119430542,1370.4669189453125,430.14398193359375,0.9529332518577576,1035.202392578125,443.66552734375,0.9781299829483032,994.2371826171875,545.6078491210938,0.9473282098770142
26,1385.8543701171875,307.1955261230469,0.9739270210266113,1265.179931640625,331.6796875,0.9919395446777344,1370.920654296875,428.0860900878906,0.9712533950805664,1037.2171630859375,443.4288024902344,0.9708466529846191,991.15478515625,542.5977172851562,0.9158453941345215
27,1385.7183837890625,305.6096496582031,0.9730400443077087,1264.818603515625,330.05047607421875,0.9889811277389526,1370.764404296875,426.52227783203125,0.9731001853942871,1040.2899169921875,442.7419128417969,0.9718970656394958,988.1694946289062,540.2944946289062,0.9302187561988831
28,1385.66748046875,304.2375793457031,0.9641107320785522,1265.0167236328125,329.08709716796875,0.9834901690483093,1372.2989501953125,424.78692626953125,0.9764862060546875,1042.63134765625,443.2379150390625,0.9815384149551392,986.4514770507812,538.5101318359375,0.914044976234436
29,1386.0350341796875,301.6552429199219,0.960270881652832,1265.59765625,328.0136413574219,0.9767069816589355,1373.361572265625,422.8163146972656,0.9742152690887451,1047.13671875,443.36553955078125,0.9815211296081543,984.860595703125,536.6207885742188,0.8930249214172363
30,1385.3397216796875,298.99029541015625,0.9711231589317322,1266.463623046875,326.2585754394531,0.9793826341629028,1374.31884765625,420.351318359375,0.9688130617141724,1051.26953125,444.9487609863281,0.9717880487442017,983.3674926757812,532.1213989257812,0.922624409198761
31,1384.935302734375,297.1438293457031,0.9663736820220947,1266.7554931640625,325.2643127441406,0.983824610710144,1374.8319091796875,418.72406005859375,0.9618619680404663,1056.9052734375,444.1595764160156,0.9781379699707031,982.0565795898438,530.0106201171875,0.9183433055877686
32,1381.8814697265625,295.826171875,0.9719702005386353,1267.0853271484375,324.25994873046875,0.9883583784103394,1377.2738037109375,416.1824951171875,0.96275794506073,1061.3822021484375,444.7828063964844,0.9885228276252747,982.3251953125,527.0714721679688,0.8958173990249634
33,1381.5601806640625,294.3262634277344,0.9754222631454468,1267.244873046875,323.3125915527344,0.9900336861610413,1378.4488525390625,415.1910400390625,0.9733105897903442,1065.6888427734375,444.5394287109375,0.9895123243331909,985.7070922851562,525.6051635742188,0.8738968372344971
34,1381.6256103515625,292.42529296875,0.9749888181686401,1267.15673828125,323.1583557128906,0.9903041124343872,1379.7783203125,414.3605651855469,0.9780535697937012,1074.57568359375,442.22613525390625,0.9884859323501587,991.6635131835938,524.3231201171875,0.8568929433822632
35,1381.172607421875,290.9266357421875,0.9763498306274414,1267.30029296875,323.19671630859375,0.9887827634811401,1381.13623046875,413.8647766113281,0.9784765839576721,1080.8509521484375,439.18939208984375,0.9849787354469299,1000.37060546875,525.2830200195312,0.8396103382110596
36,1380.987548828125,290.1733703613281,0.9731452465057373,1267.325927734375,323.588623046875,0.9882291555404663,1383.1995849609375,413.221923828125,0.9788024425506592,1092.370849609375,429.5498352050781,0.9822368621826172,1015.399169921875,524.6243286132812,0.8076740503311157
37,1380.68798828125,289.4379577636719,0.9725848436355591,1267.396728515625,323.52545166015625,0.9870535731315613,1385.04052734375,412.0028381347656,0.9739131331443787,1103.8887939453125,422.9017028808594,0.9825206398963928,1034.7900390625,525.300048828125,0.7397255301475525
38,1380.3460693359375,288.57855224609375,0.9693412184715271,1267.5194091796875,323.6300964355469,0.988207221031189,1386.3299560546875,411.74676513671875,0.9793291091918945,1118.3704833984375,416.0338134765625,0.983694314956665,1060.197021484375,522.009765625,0.9143871665000916
39,1380.294677734375,286.88616943359375,0.967019259929657,1267.7933349609375,323.22467041015625,0.9886859655380249,1387.764404296875,411.2929992675781,0.9794156551361084,1132.2972412109375,410.77447509765625,0.9880357980728149,1086.9617919921875,526.2115478515625,0.7506793737411499
40,1379.7633056640625,285.6573791503906,0.9659789800643921,1268.26318359375,322.49151611328125,0.9889929294586182,1391.3646240234375,410.0654296875,0.9659197926521301,1148.67431640625,408.0327453613281,0.9869604706764221,1117.9014892578125,525.729248046875,0.8876473307609558
41,1378.943603515625,283.700927734375,0.9746533632278442,1268.789306640625,321.61199951171875,0.9897196292877197,1393.668701171875,409.2216796875,0.9774081707000732,1160.0362548828125,406.6680908203125,0.9708449244499207,1150.8037109375,523.60302734375,0.9308679103851318
42,1378.6077880859375,282.4053649902344,0.9748607873916626,1269.7000732421875,320.1908264160156,0.9874088764190674,1396.9141845703125,407.74371337890625,0.9786036610603333,1170.4364013671875,407.89910888671875,0.9712830781936646,1180.5736083984375,517.504150390625,0.9392371773719788
43,1378.2999267578125,281.0295104980469,0.972917377948761,1270.2607421875,318.8496398925781,0.9820266962051392,1399.5068359375,406.6054382324219,0.969667911529541,1183.2913818359375,410.0234069824219,0.9768048524856567,1205.3291015625,512.2753295898438,0.9473596811294556
44,1377.437255859375,279.157958984375,0.9761971235275269,1270.9454345703125,318.8072509765625,0.9787775278091431,1404.21923828125,404.8526611328125,0.9730470180511475,1193.7401123046875,412.2398376464844,0.974156379699707,1224.837646484375,508.3651123046875,0.9390401840209961
45,1376.861328125,277.37811279296875,0.9799041748046875,1271.46533203125,318.23065185546875,0.9800106883049011,1407.3603515625,402.34130859375,0.9551156163215637,1203.275390625,413.5658874511719,0.9848357439041138,1237.7442626953125,507.8197021484375,0.957089900970459
46,1376.620849609375,276.48492431640625,0.9795503616333008,1271.6900634765625,317.48284912109375,0.9827779531478882,1411.4732666015625,397.84710693359375,0.9826889038085938,1208.4853515625,420.1114196777344,0.9648036956787109,1250.882080078125,508.083251953125,0.9345957636833191
47,1376.3936767578125,275.07244873046875,0.9755575060844421,1271.9947509765625,317.25213623046875,0.9806886911392212,1415.0555419921875,394.9364013671875,0.982084333896637,1213.42138671875,428.2886047363281,0.9788283109664917,1264.77587890625,507.2597351074219,0.9176191091537476
48,1376.23388671875,274.4031677246094,0.9710335731506348,1271.80419921875,316.8990173339844,0.9797207713127136,1418.954833984375,390.8605651855469,0.9721381664276123,1215.324951171875,434.7119140625,0.9878485202789307,1278.796142578125,507.9202880859375,0.8920011520385742
49,1374.2998046875,273.0675964355469,0.9731730222702026,1271.6373291015625,316.5523986816406,0.9823648929595947,1420.104248046875,387.183349609375,0.9690977931022644,1219.3026123046875,440.9586486816406,0.9898886680603027,1291.018798828125,508.93328857421875,0.8854166865348816
50,1373.1429443359375,271.6734619140625,0.9685665369033813,1270.90283203125,316.15460205078125,0.9851502180099487,1419.7899169921875,382.7401123046875,0.9665341377258301,1222.777587890625,449.7430114746094,0.974519670009613,1301.8846435546875,511.1255187988281,0.9016525745391846
51,1371.91064453125,269.13739013671875,0.9758855104446411,1270.096923828125,316.55596923828125,0.9878166913986206,1423.036376953125,380.1484069824219,0.9736542105674744,1226.5728759765625,458.8821105957031,0.9800176024436951,1310.2811279296875,512.749267578125,0.9419232606887817
52,1370.714111328125,269.1572265625,0.9706029891967773,1268.763427734375,317.0099182128906,0.9900826215744019,1423.4091796875,378.1885681152344,0.9728299379348755,1228.1453857421875,467.4905090332031,0.9841828942298889,1317.149658203125,517.3489379882812,0.9471611976623535
53,1369.724365234375,269.2324523925781,0.9700624942779541,1267.6788330078125,318.17071533203125,0.9896140098571777,1422.7977294921875,376.0950927734375,0.9572973251342773,1233.470458984375,473.8861083984375,0.9837318658828735,1324.5469970703125,521.5401611328125,0.919069766998291
54,1368.4530029296875,269.2543640136719,0.9552209377288818,1266.9298095703125,319.2825622558594,0.9883933067321777,1421.681640625,375.89703369140625,0.9647798538208008,1237.0767822265625,482.8414001464844,0.9729670286178589,1330.32763671875,526.3897705078125,0.9404386281967163
55,1366.4755859375,270.5599365234375,0.9607770442962646,1265.91357421875,320.0692443847656,0.9846048355102539,1420.50146484375,376.0255432128906,0.965186595916748,1241.2601318359375,490.6271057128906,0.9772356152534485,1334.8150634765625,532.2001342773438,0.9186685681343079
56,1365.112548828125,272.3922424316406,0.9530254602432251,1263.576171875,321.6366882324219,0.9853885173797607,1418.0538330078125,378.0570068359375,0.9693734645843506,1244.3314208984375,497.50030517578125,0.9799926280975342,1340.9190673828125,538.0842895507812,0.8864609003067017
57,1364.08935546875,273.2153625488281,0.969348132610321,1262.885986328125,323.9139709472656,0.9856135845184326,1416.5467529296875,379.8778991699219,0.9701480865478516,1248.52978515625,503.98583984375,0.9705531597137451,1344.6552734375,545.4939575195312,0.9099670648574829
58,1363.0489501953125,275.5069580078125,0.9857664108276367,1262.431396484375,326.677490234375,0.9786245226860046,1415.59619140625,382.168701171875,0.9684869050979614,1251.3951416015625,507.1900329589844,0.9750908017158508,1345.8310546875,553.6875610351562,0.8802225589752197
59,1361.98974609375,278.3828430175781,0.9815846681594849,1261.033203125,329.89306640625,0.9834871888160706,1414.279541015625,386.0151062011719,0.9719926118850708,1254.0260009765625,514.8607177734375,0.9658008813858032,1347.4857177734375,562.8724365234375,0.9392282962799072
60,1362.0428466796875,281.16949462890625,0.9778499603271484,1260.3037109375,332.2386474609375,0.9915734529495239,1413.2947998046875,389.77850341796875,0.9801908731460571,1253.11767578125,519.5521850585938,0.9673435091972351,1345.292236328125,567.864990234375,0.8822511434555054
61,1361.8511962890625,284.091552734375,0.9765989184379578,1260.68310546875,335.3690185546875,0.9904202222824097,1412.4462890625,392.8613586425781,0.9835339784622192,1248.1981201171875,520.3636474609375,0.9739627838134766,1340.379638671875,567.827392578125,0.8973975777626038
62,1361.65087890625,288.00396728515625,0.9765108823776245,1260.1142578125,338.70721435546875,0.9910299777984619,1411.3284912109375,396.9445495605469,0.9844738245010376,1243.046630859375,518.6353759765625,0.9726594686508179,1332.561767578125,567.8367309570312,0.9343729019165039
63,1361.16455078125,291.5174255371094,0.9854319095611572,1259.4534912109375,344.8405456542969,0.9757136106491089,1410.3580322265625,402.6268310546875,0.9734638929367065,1238.1219482421875,518.9993286132812,0.9624983668327332,1329.0548095703125,568.7626953125,0.9132031202316284
64,1360.390380859375,294.2135314941406,0.9764537215232849,1258.89208984375,346.8766174316406,0.9898642301559448,1410.012939453125,407.47613525390625,0.9849299192428589,1233.2891845703125,519.924072265625,0.978140652179718,1324.5562744140625,568.2730102539062,0.9163705110549927
65,1360.3114013671875,297.3279724121094,0.9718204736709595,1258.8106689453125,349.852294921875,0.9861230850219727,1408.9332275390625,411.4988708496094,0.9839102029800415,1230.994384765625,520.9482421875,0.9833462238311768,1318.7628173828125,568.9180297851562,0.9320057034492493
66,1359.7235107421875,299.4894104003906,0.9657169580459595,1257.7606201171875,352.2521057128906,0.9875026941299438,1407.749267578125,414.7513122558594,0.9654591083526611,1227.749267578125,521.5252075195312,0.981440007686615,1315.4083251953125,569.4967651367188,0.9109013080596924
67,1359.5985107421875,301.70556640625,0.9651161432266235,1256.7479248046875,355.80426025390625,0.9809707403182983,1406.4569091796875,418.8160095214844,0.9647974967956543,1222.4527587890625,521.1099853515625,0.9776946902275085,1313.6475830078125,568.1472778320312,0.8701278567314148
68,1360.0462646484375,304.9892578125,0.9732570648193359,1256.7333984375,358.81494140625,0.9670992493629456,1405.60595703125,422.048828125,0.9710058569908142,1219.1044921875,520.5018310546875,0.9833135604858398,1309.681640625,568.1148071289062,0.8940563201904297
69,1358.004638671875,306.4339294433594,0.9802229404449463,1256.0687255859375,361.7052917480469,0.973060131072998,1404.3465576171875,425.66015625,0.9676414728164673,1216.3895263671875,519.8059692382812,0.9781467914581299,1303.434326171875,569.0521240234375,0.8906922936439514
70,1357.3262939453125,307.21014404296875,0.9815402030944824,1256.0584716796875,363.8153991699219,0.9829023480415344,1402.870849609375,427.9920959472656,0.9816255569458008,1214.1302490234375,520.3291625976562,0.9808968305587769,1301.1993408203125,568.1105346679688,0.9035682678222656
71,1356.8682861328125,308.2452087402344,0.9805538058280945,1255.5697021484375,365.78472900390625,0.980000376701355,1401.2093505859375,429.9833679199219,0.9722331762313843,1211.1800537109375,519.1264038085938,0.9780529737472534,1299.228271484375,567.9191284179688,0.8844717741012573
72,1356.49462890625,309.4338684082031,0.9764065742492676,1254.4443359375,368.0840759277344,0.977844774723053,1400.1591796875,431.8292236328125,0.9648610353469849,1208.842041015625,517.1280517578125,0.9688858985900879,1295.7943115234375,568.0221557617188,0.8968063592910767
73,1356.3616943359375,310.5341796875,0.9718242883682251,1253.9522705078125,369.2326965332031,0.983302116394043,1399.23583984375,433.9493408203125,0.9699926376342773,1205.6502685546875,516.1369018554688,0.9766000509262085,1292.0096435546875,567.8765869140625,0.914837121963501
74,1356.3865966796875,311.2964782714844,0.9671459197998047,1253.6463623046875,370.3016357421875,0.9832930564880371,1398.7547607421875,435.1385803222656,0.9726732969284058,1203.428466796875,514.1583862304688,0.9705306887626648,1285.69921875,568.0921630859375,0.9264114499092102
75,1356.9456787109375,312.553955078125,0.9640380144119263,1253.33935546875,371.3179931640625,0.9836291670799255,1398.271484375,436.710205078125,0.9780030250549316,1199.815185546875,513.6870727539062,0.9773602485656738,1282.7216796875,568.1099853515625,0.9144223928451538
76,1357.1383056640625,312.9659118652344,0.9669556021690369,1253.46630859375,371.8011779785156,0.9804046750068665,1397.4588623046875,438.4302062988281,0.9831925630569458,1196.512451171875,511.5215148925781,0.970027506351471,1279.0584716796875,567.9988403320312,0.9111185669898987
77,1357.5433349609375,313.38555908203125,0.9693650007247925,1253.5257568359375,371.8494567871094,0.9800803065299988,1397.2491455078125,439.46343994140625,0.9850097894668579,1194.242919921875,510.6781921386719,0.9775186777114868,1276.055419921875,567.5562133789062,0.9222568273544312
78,1358.002685546875,314.0914306640625,0.9703514575958252,1253.4866943359375,372.2064208984375,0.9800359606742859,1396.54443359375,440.0807800292969,0.9833258390426636,1191.0877685546875,508.5079345703125,0.9822752475738525,1268.9462890625,568.0277099609375,0.9357789754867554
79,1359.925048828125,315.9281311035156,0.9676480889320374,1253.3304443359375,372.1786193847656,0.9824371337890625,1395.340576171875,440.95147705078125,0.9821780920028687,1188.881591796875,507.40460205078125,0.987751841545105,1266.535888671875,568.3602294921875,0.9209157228469849
80,1360.2984619140625,316.2969665527344,0.9735943675041199,1253.3155517578125,372.214111328125,0.9819899797439575,1394.1259765625,442.101806640625,0.9827456474304199,1186.71240234375,506.45733642578125,0.9871037006378174,1263.2767333984375,567.7389526367188,0.9085917472839355
81,1361.134033203125,316.8611755371094,0.9760814309120178,1253.16015625,372.0188903808594,0.9833316802978516,1393.3125,442.9614562988281,0.9832363128662109,1184.5789794921875,505.4393005371094,0.983529806137085,1260.4603271484375,567.9187622070312,0.9028942584991455
82,1361.8094482421875,317.08343505859375,0.9750493764877319,1252.726806640625,371.75372314453125,0.983802318572998,1392.5482177734375,443.966796875,0.9798178672790527,1182.62646484375,504.784423828125,0.9862762689590454,1253.5545654296875,568.2482299804688,0.9216428399085999
83,1362.40478515625,317.6331481933594,0.9768350124359131,1252.840087890625,371.08953857421875,0.982933759689331,1391.6744384765625,444.8447570800781,0.9764578342437744,1179.1572265625,504.4029235839844,0.9845617413520813,1250.7755126953125,568.1455078125,0.9175869822502136
84,1363.622314453125,318.4787292480469,0.975461483001709,1252.58837890625,370.28253173828125,0.9824725389480591,1389.1455078125,445.05914306640625,0.9708317518234253,1176.234130859375,501.97076416015625,0.9730149507522583,1247.723876953125,567.6520385742188,0.8977915048599243
85,1363.739013671875,318.358154296875,0.9766079187393188,1252.3948974609375,369.1308898925781,0.9837822914123535,1388.363525390625,445.2803955078125,0.9727922677993774,1173.1353759765625,499.93218994140625,0.9750460982322693,1243.8582763671875,567.844482421875,0.8758426308631897
86,1364.3150634765625,318.50152587890625,0.9723050594329834,1252.01806640625,368.11749267578125,0.9840986728668213,1386.9149169921875,445.5820007324219,0.9743849039077759,1169.544921875,499.6932067871094,0.9702925682067871,1236.1558837890625,568.32080078125,0.9155769348144531
87,1364.5408935546875,318.6490783691406,0.9693069458007812,1250.5572509765625,366.56640625,0.9867047071456909,1385.98974609375,445.5212097167969,0.9767417907714844,1165.2686767578125,497.5802001953125,0.977581262588501,1233.5667724609375,567.9298706054688,0.8816722631454468
88,1364.556640625,318.4587097167969,0.9712907075881958,1249.5286865234375,365.4383850097656,0.9882593750953674,1384.5169677734375,446.25933837890625,0.9690330028533936,1161.834228515625,495.41351318359375,0.9587585926055908,1229.8460693359375,568.0817260742188,0.8802101016044617
89,1363.9840087890625,318.19769287109375,0.9717152118682861,1248.486328125,364.58154296875,0.986149787902832,1383.27099609375,446.1380615234375,0.974388599395752,1157.874267578125,493.5974426269531,0.9693509340286255,1223.4150390625,567.1828002929688,0.905117928981781
90,1363.3671875,318.1842956542969,0.9774402976036072,1245.214111328125,363.4900817871094,0.9838055372238159,1381.853515625,446.56976318359375,0.9765111207962036,1155.56982421875,492.0037841796875,0.9683443307876587,1219.604736328125,567.9815673828125,0.924136757850647
91,1363.012451171875,318.6192932128906,0.9765235185623169,1244.1873779296875,363.17864990234375,0.9827041029930115,1380.655517578125,446.5077209472656,0.9790701866149902,1151.4349365234375,491.0824890136719,0.9791182279586792,1216.6964111328125,567.0440673828125,0.8801208734512329
92,1362.5960693359375,318.9169006347656,0.976875901222229,1243.5379638671875,362.785400390625,0.9833999872207642,1379.83349609375,446.2987976074219,0.9804545640945435,1147.9869384765625,490.7768859863281,0.9831872582435608,1213.1619873046875,567.7034912109375,0.8813499212265015
93,1361.58837890625,318.4820251464844,0.9735486507415771,1242.9935302734375,362.519287109375,0.9844985008239746,1378.3955078125,446.1945495605469,0.9795119762420654,1144.5557861328125,489.5828857421875,0.9771188497543335,1205.993408203125,567.3812255859375,0.9174196720123291
94,1360.9720458984375,318.7020263671875,0.9764386415481567,1242.638916015625,361.8990478515625,0.9840192794799805,1377.3795166015625,445.9251403808594,0.9738179445266724,1141.23193359375,486.3486022949219,0.9733220338821411,1202.4921875,567.6021118164062,0.9233546257019043
95,1360.5340576171875,318.7585754394531,0.9747196435928345,1241.4765625,361.3680114746094,0.9768269658088684,1376.2498779296875,445.4492492675781,0.9704588651657104,1136.8626708984375,486.11407470703125,0.9790828227996826,1198.147216796875,567.2594604492188,0.8772779703140259
96,1360.08740234375,318.30908203125,0.9705638885498047,1240.7244873046875,360.4751892089844,0.9704263210296631,1375.3365478515625,444.7197570800781,0.9685524702072144,1133.9910888671875,483.7439880371094,0.9801984429359436,1191.5574951171875,566.8525390625,0.8860163688659668
97,1359.4788818359375,317.6864318847656,0.9649311304092407,1239.5313720703125,358.0428466796875,0.9641596674919128,1372.53076171875,444.18377685546875,0.9760614037513733,1129.98291015625,481.70220947265625,0.9669435024261475,1188.330322265625,567.3368530273438,0.9207203984260559
98,1357.931396484375,316.5583190917969,0.969119668006897,1239.009521484375,356.6461486816406,0.971218466758728,1372.1883544921875,443.7777099609375,0.9786761999130249,1126.0291748046875,478.4246520996094,0.9644801616668701,1184.9298095703125,566.662109375,0.8832036256790161
99,1357.11865234375,315.72265625,0.9759218692779541,1238.220703125,355.262451171875,0.977984607219696,1371.2806396484375,442.8834533691406,0.97864830493927,1123.944580078125,477.086181640625,0.9722424149513245,1180.227294921875,567.1784057617188,0.8965684175491333
100,1355.675048828125,314.50927734375,0.9837304949760437,1237.484619140625,354.07537841796875,0.9819358587265015,1370.111328125,442.25506591796875,0.9735383987426758,1118.8509521484375,476.9400329589844,0.9662994146347046,1174.0631103515625,566.4159545898438,0.9189017415046692
101,1354.4962158203125,313.1903991699219,0.9840795397758484,1236.54345703125,352.8964538574219,0.9831730127334595,1369.2786865234375,441.30731201171875,0.9711663722991943,1115.8583984375,476.20849609375,0.9788278341293335,1170.9530029296875,566.5473022460938,0.9222767353057861
102,1353.6737060546875,312.1845397949219,0.9770753979682922,1234.9259033203125,351.6728515625,0.9815454483032227,1369.7496337890625,439.39019775390625,0.9754407405853271,1112.13330078125,475.3468017578125,0.9749966859817505,1166.4697265625,566.6327514648438,0.9043376445770264
103,1352.6143798828125,310.80126953125,0.9777897596359253,1233.629150390625,349.8323059082031,0.9875491261482239,1367.55517578125,438.70196533203125,0.9761205911636353,1108.0107421875,472.79473876953125,0.971904993057251,1162.714599609375,566.73388671875,0.9098197221755981
104,1350.628173828125,310.44921875,0.9794166684150696,1232.18408203125,348.4144592285156,0.9870337247848511,1366.4423828125,437.4721984863281,0.980925440788269,1102.9931640625,472.1817932128906,0.9808158874511719,1156.2310791015625,565.9723510742188,0.9376003742218018
105,1350.0067138671875,309.5469055175781,0.9862722158432007,1229.22265625,347.3614196777344,0.9863064289093018,1365.3995361328125,436.1044616699219,0.9817713499069214,1099.025390625,471.8037414550781,0.979697585105896,1150.7864990234375,566.1546020507812,0.8956660628318787
106,1349.41650390625,308.59552001953125,0.9847614765167236,1228.2816162109375,346.3475341796875,0.9843261241912842,1364.6275634765625,434.6649475097656,0.9749689102172852,1095.187744140625,469.18719482421875,0.9713320732116699,1147.7840576171875,565.5608520507812,0.9064815044403076
107,1348.81396484375,307.6834411621094,0.9877074956893921,1227.8260498046875,345.537841796875,0.9815433025360107,1363.6728515625,433.7815856933594,0.9710458517074585,1091.931640625,468.06268310546875,0.9766051769256592,1140.261962890625,564.1930541992188,0.9573076963424683
108,1347.8399658203125,306.2686767578125,0.9855512380599976,1227.262939453125,345.1893005371094,0.9794543385505676,1361.9166259765625,432.5007629394531,0.9682661890983582,1086.392578125,467.6844482421875,0.982269287109375,1136.706787109375,563.9692993164062,0.9092534184455872
109,1347.31591796875,305.5850830078125,0.9867780804634094,1226.7490234375,343.4316711425781,0.9813762903213501,1360.63818359375,431.5533752441406,0.9696003198623657,1082.423828125,465.6431884765625,0.9784388542175293,1132.89453125,564.409912109375,0.9323363304138184
110,1346.5880126953125,305.0766906738281,0.9886139035224915,1225.818603515625,342.4477844238281,0.984798014163971,1359.791015625,431.05389404296875,0.9662055373191833,1078.8292236328125,463.5254211425781,0.9592887163162231,1126.905517578125,563.3955078125,0.9228335022926331
111,1346.2501220703125,304.9994201660156,0.9839807748794556,1225.274169921875,341.54266357421875,0.9851416349411011,1359.402099609375,430.2457275390625,0.9671798944473267,1076.84619140625,462.5335388183594,0.9709320068359375,1123.5927734375,563.0440673828125,0.9421404600143433
112,1345.5712890625,304.5126037597656,0.9817984104156494,1224.986083984375,340.60418701171875,0.9846340417861938,1358.9322509765625,429.6456298828125,0.9652166366577148,1074.069091796875,461.03509521484375,0.9768308401107788,1118.302978515625,563.3121948242188,0.9342010021209717
113,1345.478271484375,304.2389221191406,0.9799397587776184,1224.66552734375,340.2853698730469,0.9835898876190186,1358.587646484375,429.2803039550781,0.9622488617897034,1069.7574462890625,460.91845703125,0.9804056286811829,1115.253662109375,562.7064819335938,0.9323641657829285
114,1345.1888427734375,304.0604553222656,0.9799884557723999,1224.411376953125,339.69842529296875,0.9828870296478271,1356.3211669921875,429.07281494140625,0.9660695195198059,1066.687744140625,460.2636413574219,0.9869220852851868,1108.9495849609375,561.4402465820312,0.9588704109191895
115,1344.94873046875,303.09423828125,0.975464940071106,1224.3985595703125,338.8773498535156,0.9865767359733582,1355.8634033203125,428.7854309082031,0.9702682495117188,1063.5372314453125,459.0001220703125,0.9860841035842896,1104.870849609375,561.5830078125,0.925197958946228
116,1344.7801513671875,302.707275390625,0.9743407964706421,1224.505126953125,338.35528564453125,0.9881750345230103,1355.623046875,428.2307434082031,0.969113290309906,1060.51171875,456.6738586425781,0.9745762944221497,1099.8271484375,561.3065185546875,0.9336994886398315
117,1345.0322265625,302.51190185546875,0.9748708009719849,1224.7628173828125,337.6096496582031,0.9888681173324585,1355.434326171875,427.6328430175781,0.9692271947860718,1056.9476318359375,455.6524963378906,0.970543622970581,1093.9171142578125,560.130859375,0.9468645453453064
118,1344.98583984375,301.84344482421875,0.9733092784881592,1225.362548828125,336.4938659667969,0.9905180931091309,1355.590087890625,426.802001953125,0.968328058719635,1053.78564453125,454.9909973144531,0.9783288240432739,1090.103515625,559.9071655273438,0.935186505317688
119,1345.3167724609375,301.13470458984375,0.974966287612915,1225.78125,335.5152893066406,0.990982174873352,1354.989990234375,425.9071350097656,0.9665888547897339,1051.366943359375,453.59619140625,0.9836534261703491,1085.997802734375,560.3856201171875,0.9374988675117493
120,1345.0657958984375,299.8782653808594,0.976140022277832,1226.167724609375,334.55450439453125,0.9893807172775269,1355.791259765625,424.7348937988281,0.9677765369415283,1048.94921875,452.4115905761719,0.9780834913253784,1082.95361328125,557.5072631835938,0.9263476133346558
121,1345.3240966796875,298.7677001953125,0.97890305519104,1225.951171875,333.3858337402344,0.9867982864379883,1355.5052490234375,423.63751220703125,0.9715998768806458,1047.7960205078125,450.85430908203125,0.9770808815956116,1077.036865234375,557.3008422851562,0.9397033452987671
122,1345.5712890625,298.17462158203125,0.9753740429878235,1226.0823974609375,332.1351013183594,0.9887371063232422,1354.819091796875,422.33673095703125,0.9742399454116821,1045.319091796875,449.32244873046875,0.9789289832115173,1074.6331787109375,557.0531616210938,0.932508647441864
123,1346.07470703125,297.6082458496094,0.9805158972740173,1226.326904296875,330.7746887207031,0.9895614981651306,1354.1143798828125,420.814208984375,0.9729285836219788,1043.5443115234375,448.15606689453125,0.9799094796180725,1068.936279296875,557.1137084960938,0.94024658203125
124,1345.931396484375,296.902587890625,0.9828802943229675,1225.889404296875,329.3924560546875,0.9843428134918213,1353.8582763671875,419.2713317871094,0.9700565338134766,1040.41162109375,448.0420837402344,0.9779744744300842,1065.5286865234375,556.155517578125,0.9453650712966919
125,1346.3704833984375,296.47381591796875,0.9857349395751953,1225.941162109375,328.7232666015625,0.9800924062728882,1351.6763916015625,419.2373352050781,0.9732328653335571,1040.539794921875,444.4774475097656,0.9822500944137573,1059.9771728515625,555.3716430664062,0.9394453167915344
126,1346.4189453125,295.67816162109375,0.9886898994445801,1226.5596923828125,326.46990966796875,0.9844269156455994,1350.822998046875,418.1481628417969,0.9721500873565674,1036.301513671875,445.1231994628906,0.9824869632720947,1054.1009521484375,556.0336303710938,0.9141944646835327
127,1346.5960693359375,295.32073974609375,0.9900574088096619,1226.4410400390625,325.05462646484375,0.9890431761741638,1349.894775390625,417.4572448730469,0.9712777733802795,1033.1905517578125,444.47796630859375,0.9785819053649902,1049.80224609375,555.092041015625,0.9318569898605347
128,1346.3448486328125,294.5827941894531,0.9907501935958862,1226.5164794921875,323.4947814941406,0.9903755187988281,1349.188720703125,415.9156494140625,0.974318265914917,1031.2325439453125,442.965576171875,0.9831165075302124,1044.94091796875,553.7877807617188,0.9303805828094482
129,1346.224365234375,293.6584167480469,0.9914484024047852,1226.078369140625,322.2156982421875,0.9901788830757141,1347.9749755859375,414.9410095214844,0.9752315282821655,1028.898681640625,441.1280822753906,0.9877856373786926,1038.766845703125,554.277099609375,0.89094078540802
130,1345.7379150390625,293.01971435546875,0.990636944770813,1225.603759765625,321.16546630859375,0.9910295009613037,1345.74267578125,414.07269287109375,0.9701496362686157,1025.989501953125,439.7921447753906,0.9853599071502686,1033.501708984375,553.5960693359375,0.9192788600921631
131,1345.07470703125,292.073486328125,0.9898966550827026,1225.2762451171875,320.03326416015625,0.9895540475845337,1344.52490234375,413.7704772949219,0.9704918265342712,1025.3226318359375,439.194580078125,0.981613278388977,1028.0543212890625,549.9403076171875,0.9283221960067749
132,1344.5439453125,291.4905090332031,0.9872188568115234,1224.716796875,319.0331115722656,0.988021731376648,1343.8035888671875,412.6972351074219,0.9755947589874268,1023.376220703125,438.2134094238281,0.9895337820053101,1023.0579223632812,549.0674438476562,0.9209744930267334
133,1344.0704345703125,290.8958435058594,0.9863860607147217,1224.181396484375,317.6619873046875,0.982281506061554,1342.6038818359375,411.96099853515625,0.9740568399429321,1021.3424682617188,436.6629333496094,0.9910510778427124,1017.62255859375,547.2733154296875,0.9117143154144287
134,1341.9564208984375,289.5115051269531,0.9830489158630371,1223.74365234375,317.2800598144531,0.9882974028587341,1339.0633544921875,411.48095703125,0.9727225303649902,1019.1265869140625,435.2728576660156,0.9865237474441528,1011.2394409179688,544.9705200195312,0.9305762648582458
135,1341.0213623046875,288.84130859375,0.9847092032432556,1222.491455078125,316.61407470703125,0.9906966686248779,1338.1888427734375,410.2447814941406,0.9755768775939941,1017.2444458007812,433.9805603027344,0.9776065349578857,1006.0999145507812,544.3543090820312,0.9457976818084717
136,1340.1451416015625,288.15057373046875,0.9826520681381226,1220.891845703125,315.5447692871094,0.9921387434005737,1337.3521728515625,409.0165710449219,0.9726687669754028,1015.53369140625,433.2690124511719,0.9810479879379272,1002.1058349609375,542.0655517578125,0.9325302839279175
137,1339.1558837890625,287.2471618652344,0.9755257368087769,1219.344970703125,314.1505126953125,0.9885446429252625,1335.7159423828125,408.7137145996094,0.9769065380096436,1014.4666137695312,432.7286376953125,0.9813063144683838,997.2483520507812,542.417236328125,0.9337712526321411
138,1338.3773193359375,285.3786926269531,0.9711499214172363,1217.9295654296875,313.6753234863281,0.9862966537475586,1335.1202392578125,407.8330078125,0.9819474816322327,1013.8959350585938,432.3537292480469,0.9798474311828613,993.0780029296875,540.938720703125,0.9464349150657654
139,1336.6781005859375,283.4755554199219,0.9694377183914185,1216.9078369140625,312.7667236328125,0.979834258556366,1334.3367919921875,405.7331848144531,0.9826770424842834,1013.689208984375,431.183837890625,0.9819970726966858,988.9959716796875,539.8274536132812,0.9566580653190613
140,1334.8389892578125,282.34100341796875,0.971697211265564,1215.3389892578125,310.8691101074219,0.9805490374565125,1333.5186767578125,403.9002380371094,0.981489896774292,1012.8805541992188,428.9222106933594,0.9823826551437378,984.898193359375,537.9498291015625,0.9623802900314331
141,1332.9515380859375,280.65985107421875,0.9797215461730957,1213.8770751953125,309.5169677734375,0.9876488447189331,1332.70654296875,402.60595703125,0.9778512716293335,1013.1766967773438,429.1004943847656,0.9796428084373474,981.8562622070312,537.10986328125,0.9434363842010498
142,1332.22509765625,279.49737548828125,0.985836386680603,1212.609619140625,307.6918640136719,0.9914690256118774,1331.93359375,400.0672302246094,0.9708822965621948,1014.2770385742188,428.9464111328125,0.9792848825454712,977.6663208007812,536.833984375,0.9278467893600464
143,1331.1929931640625,277.6005859375,0.9904910326004028,1211.172607421875,305.8785705566406,0.9925405979156494,1331.229248046875,398.1226806640625,0.9696075916290283,1015.0448608398438,429.1331787109375,0.9754610061645508,974.2020874023438,532.8568115234375,0.9436173439025879
144,1329.79345703125,275.1236877441406,0.9886150360107422,1209.940185546875,304.6405334472656,0.9927031397819519,1330.742919921875,396.3520202636719,0.9785357117652893,1017.5819702148438,429.65618896484375,0.9654762148857117,971.7380981445312,532.0398559570312,0.9476848840713501
145,1328.7886962890625,273.3634033203125,0.9837063550949097,1208.9501953125,303.40447998046875,0.990550696849823,1330.963134765625,394.6898498535156,0.9813717007637024,1018.7505493164062,429.4649963378906,0.9734219312667847,969.9854125976562,528.4454956054688,0.9324164986610413
146,1326.3216552734375,271.3165283203125,0.9673843383789062,1207.9326171875,302.9951477050781,0.9866816997528076,1331.3167724609375,392.93902587890625,0.9834396839141846,1023.6049194335938,427.4253845214844,0.9842050075531006,967.051025390625,524.94140625,0.9366520643234253
147,1324.88427734375,268.1062927246094,0.9794741272926331,1207.298583984375,302.5950622558594,0.988048791885376,1332.1995849609375,391.7334289550781,0.9833976626396179,1026.8577880859375,425.294189453125,0.9911676049232483,969.364990234375,522.1907348632812,0.9295094013214111
148,1321.941650390625,265.94573974609375,0.9804139137268066,1206.0423583984375,302.1509704589844,0.9907770156860352,1332.7950439453125,390.50469970703125,0.9847224950790405,1033.1103515625,420.7253112792969,0.9876827001571655,974.5255126953125,521.38134765625,0.8959420919418335
149,1320.719482421875,264.9505920410156,0.9698755741119385,1204.4617919921875,302.5809326171875,0.9911952018737793,1332.7574462890625,389.53436279296875,0.9843257665634155,1041.9942626953125,412.1585388183594,0.9831353425979614,981.7557373046875,513.8809204101562,0.8948275446891785
150,1317.0155029296875,264.2218017578125,0.980506181716919,1202.9423828125,302.8262634277344,0.990877091884613,1332.9254150390625,388.6031799316406,0.9846022725105286,1050.3756103515625,406.0960998535156,0.9852216243743896,995.80810546875,509.5003356933594,0.9340680837631226
151,1315.5999755859375,263.433349609375,0.9880810976028442,1201.2908935546875,302.6315612792969,0.9885332584381104,1333.163818359375,387.2085876464844,0.9806923270225525,1061.497314453125,397.09539794921875,0.9718621969223022,1017.522705078125,508.757568359375,0.8065317869186401
152,1314.1953125,263.1099853515625,0.9904422163963318,1199.9781494140625,302.3826599121094,0.9855802059173584,1333.306396484375,386.57763671875,0.9798580408096313,1073.975830078125,392.32037353515625,0.9821343421936035,1044.83837890625,505.57257080078125,0.9209302067756653
153,1312.9794921875,262.18292236328125,0.9890439510345459,1197.974365234375,301.4632263183594,0.9870489835739136,1333.94189453125,385.9755859375,0.9754679203033447,1087.9295654296875,386.4442138671875,0.9810564517974854,1073.2083740234375,506.4096374511719,0.8731417655944824
154,1310.79931640625,260.6489562988281,0.9842076301574707,1197.123779296875,300.6794738769531,0.9896042346954346,1334.9136962890625,385.32977294921875,0.9679616689682007,1099.6077880859375,383.74713134765625,0.9611330032348633,1104.751220703125,499.6789245605469,0.9483911395072937
155,1309.6453857421875,258.8901062011719,0.9839962720870972,1196.571533203125,299.7930908203125,0.990273654460907,1337.1461181640625,383.12432861328125,0.9681471586227417,1110.896484375,384.6667785644531,0.9530569911003113,1133.5615234375,496.83428955078125,0.9251460433006287
156,1308.5491943359375,258.0975341796875,0.9828580021858215,1196.3099365234375,299.4997863769531,0.9903465509414673,1340.177734375,381.02276611328125,0.9771337509155273,1121.95068359375,389.5783996582031,0.9662442207336426,1155.3800048828125,491.8702087402344,0.9402869343757629
157,1307.3785400390625,256.9423828125,0.9825865030288696,1195.929931640625,299.3782043457031,0.9901147484779358,1344.26025390625,379.262939453125,0.9823822975158691,1131.608642578125,396.87042236328125,0.9733722805976868,1173.3167724609375,491.5134582519531,0.9498063325881958
158,1306.186279296875,255.6789093017578,0.9738213419914246,1195.7193603515625,299.2785339355469,0.9908106327056885,1346.8017578125,376.2497253417969,0.9818627834320068,1139.3779296875,403.3603820800781,0.9740208983421326,1187.5709228515625,494.0712585449219,0.926591157913208
159,1305.2215576171875,252.49069213867188,0.9694466590881348,1195.1396484375,299.1838684082031,0.9910022020339966,1349.33544921875,372.99945068359375,0.9794306755065918,1143.7374267578125,413.1613464355469,0.9843027591705322,1202.9677734375,497.41705322265625,0.9436146020889282
160,1303.0848388671875,251.91976928710938,0.9755163788795471,1194.7889404296875,299.0777587890625,0.9907078742980957,1351.23876953125,367.4540710449219,0.9663594365119934,1149.7288818359375,422.9042053222656,0.9843374490737915,1217.704833984375,501.0221252441406,0.9171416163444519
161,1302.3055419921875,249.9200439453125,0.9785813093185425,1194.383544921875,298.76861572265625,0.9904414415359497,1353.326416015625,362.799072265625,0.9695188403129578,1156.25830078125,434.16668701171875,0.9784092903137207,1231.7197265625,503.75177001953125,0.8346635103225708
162,1300.2991943359375,249.05210876464844,0.9892985820770264,1193.96533203125,298.59564208984375,0.9882739782333374,1355.270751953125,358.09820556640625,0.9732851982116699,1159.4012451171875,445.23016357421875,0.9855341911315918,1244.20068359375,505.371337890625,0.8985748887062073
163,1299.5172119140625,247.87879943847656,0.9914261102676392,1193.040283203125,298.4466247558594,0.9814141392707825,1354.9654541015625,354.39788818359375,0.9613991975784302,1167.797119140625,455.7575378417969,0.9859333038330078,1256.677734375,507.01922607421875,0.9378961324691772
164,1298.5633544921875,246.76324462890625,0.9909635782241821,1192.5704345703125,297.4664001464844,0.9753478765487671,1353.6673583984375,350.89141845703125,0.963959276676178,1173.84423828125,465.1728820800781,0.9771525859832764,1268.203369140625,510.063720703125,0.953704833984375
165,1297.29345703125,245.4317169189453,0.9906759262084961,1190.7537841796875,297.33306884765625,0.9835388660430908,1353.4310302734375,348.67266845703125,0.9727333784103394,1181.2166748046875,474.129150390625,0.9851880073547363,1279.90576171875,513.4746704101562,0.914198637008667
166,1294.8275146484375,243.09317016601562,0.9886168241500854,1188.973876953125,297.0643615722656,0.9855841994285583,1352.46826171875,347.1805114746094,0.9696999192237854,1188.1761474609375,481.7263488769531,0.9725733995437622,1289.1441650390625,516.1910400390625,0.8948646783828735
167,1293.3475341796875,241.99925231933594,0.9903473854064941,1186.393310546875,297.22833251953125,0.9850616455078125,1350.862548828125,345.4095764160156,0.9796513319015503,1193.97900390625,489.1329650878906,0.9782575368881226,1297.0216064453125,520.2766723632812,0.8447257280349731
168,1291.718017578125,241.4629364013672,0.9908936023712158,1183.91015625,297.56561279296875,0.9773318767547607,1348.2508544921875,345.8184509277344,0.9845741987228394,1198.9423828125,491.84423828125,0.9774948358535767,1302.0535888671875,524.5985107421875,0.9307780265808105
169,1289.322509765625,241.40821838378906,0.9905539751052856,1181.2498779296875,298.4609069824219,0.9827302098274231,1345.6929931640625,345.9615783691406,0.9820579290390015,1203.3687744140625,494.6159362792969,0.9700202345848083,1307.0582275390625,531.7813720703125,0.9475597143173218
170,1286.78515625,242.63185119628906,0.9850428104400635,1179.4510498046875,299.1544494628906,0.9897047281265259,1343.402587890625,347.22991943359375,0.9739800691604614,1207.58447265625,500.0423278808594,0.962719202041626,1309.1448974609375,539.1091918945312,0.9441357254981995
171,1283.56787109375,244.10369873046875,0.9920681715011597,1178.0325927734375,300.3812561035156,0.9855563044548035,1338.62744140625,348.50433349609375,0.9713932275772095,1210.4134521484375,502.79119873046875,0.9761017560958862,1308.8482666015625,546.6381225585938,0.9606776237487793
172,1281.1046142578125,245.9697723388672,0.9904880523681641,1176.4390869140625,301.8793640136719,0.9783836603164673,1336.095458984375,350.3472900390625,0.9648947715759277,1211.2520751953125,504.8295593261719,0.9836035966873169,1307.4757080078125,551.6541137695312,0.9315786361694336
173,1278.84130859375,245.86705017089844,0.9881039261817932,1173.6981201171875,303.84246826171875,0.9798131585121155,1333.16015625,353.7489013671875,0.9704269170761108,1207.543212890625,505.3800964355469,0.9735970497131348,1301.83349609375,554.4835815429688,0.9208576083183289
174,1276.948486328125,247.56332397460938,0.9827667474746704,1171.0726318359375,306.2772521972656,0.9852198362350464,1330.0555419921875,356.5122985839844,0.9708936214447021,1201.603515625,504.67926025390625,0.979034423828125,1297.2005615234375,554.6306762695312,0.8714352250099182
175,1274.6246337890625,250.47068786621094,0.9867271184921265,1166.809326171875,307.71368408203125,0.9804418087005615,1327.7249755859375,359.3892822265625,0.9624522924423218,1196.270263671875,506.1156311035156,0.9833605289459229,1291.58837890625,554.6445922851562,0.9079750776290894
176,1271.638916015625,253.27804565429688,0.9750055074691772,1164.232177734375,310.4075012207031,0.9842871427536011,1322.95263671875,363.5760498046875,0.9738538265228271,1190.938720703125,506.4508361816406,0.977867603302002,1285.8631591796875,555.1660766601562,0.9262311458587646
177,1271.501708984375,256.90380859375,0.9808250069618225,1161.9378662109375,313.6854553222656,0.982346773147583,1319.8070068359375,367.7020263671875,0.9666031002998352,1186.42236328125,506.52557373046875,0.9788373708724976,1282.865478515625,555.4234008789062,0.9164791703224182
178,1267.03564453125,259.12176513671875,0.9923366904258728,1159.6302490234375,314.3689880371094,0.9847307205200195,1316.833984375,371.8221130371094,0.9787117838859558,1182.4951171875,507.6875,0.9801853895187378,1277.3272705078125,555.335205078125,0.9067999720573425
179,1264.537353515625,260.20489501953125,0.9916846752166748,1156.7213134765625,316.81243896484375,0.9904175996780396,1314.0284423828125,373.898193359375,0.9743985533714294,1176.7586669921875,509.159912109375,0.9696372747421265,1271.888671875,555.5327758789062,0.9272847175598145
180,1261.240478515625,260.2826843261719,0.9897269606590271,1151.307373046875,318.8433837890625,0.982196569442749,1310.2171630859375,376.7688293457031,0.958026647567749,1172.114013671875,508.1890869140625,0.9787973761558533,1268.2357177734375,555.4832153320312,0.9214063882827759
181,1258.661376953125,261.58538818359375,0.9911127686500549,1148.740234375,319.8918151855469,0.9890122413635254,1306.74658203125,378.8773498535156,0.9840388298034668,1169.4833984375,507.38226318359375,0.9724656343460083,1263.43603515625,554.974609375,0.8825483322143555
182,1254.6041259765625,264.1275634765625,0.9850853681564331,1146.5885009765625,321.8576965332031,0.987720251083374,1304.0784912109375,381.16424560546875,0.9753394722938538,1165.5816650390625,508.3154296875,0.9793151617050171,1260.3175048828125,555.1356811523438,0.9124852418899536
183,1254.08642578125,265.4858703613281,0.9861189126968384,1144.57861328125,324.15386962890625,0.981072187423706,1301.02197265625,382.7679443359375,0.9814674854278564,1161.1429443359375,508.7393493652344,0.970184326171875,1254.75048828125,555.345458984375,0.9361752271652222
184,1251.948974609375,266.32318115234375,0.9856146574020386,1142.962646484375,325.2352600097656,0.9788147211074829,1298.457763671875,383.3197021484375,0.9748697280883789,1157.35107421875,508.01910400390625,0.9781908988952637,1251.8975830078125,555.4251708984375,0.9166216850280762
185,1250.512939453125,267.2456970214844,0.9827927350997925,1141.41748046875,326.5182189941406,0.9755502939224243,1296.8363037109375,384.2660217285156,0.963110089302063,1154.55224609375,507.5051574707031,0.9751063585281372,1246.6624755859375,554.9307861328125,0.8965060710906982
186,1249.2919921875,268.7144470214844,0.9796261787414551,1139.31591796875,328.6397705078125,0.9780104160308838,1295.2137451171875,386.23388671875,0.9662200808525085,1150.4503173828125,507.62158203125,0.9788492918014526,1244.184326171875,555.1793212890625,0.9227092266082764
187,1247.7030029296875,269.03369140625,0.9760921001434326,1137.4764404296875,329.7396545410156,0.9787863492965698,1292.7047119140625,387.1505432128906,0.9714502692222595,1145.705078125,507.8259582519531,0.9706195592880249,1237.53076171875,555.3450317382812,0.9382376670837402
188,1245.76416015625,269.2887268066406,0.9697174429893494,1134.258056640625,330.17999267578125,0.975770115852356,1290.590576171875,388.18829345703125,0.9741212129592896,1141.430419921875,506.8286437988281,0.9817599058151245,1234.1744384765625,555.2120971679688,0.9091805219650269
189,1244.2520751953125,271.79620361328125,0.981677770614624,1132.64453125,331.0613098144531,0.983500599861145,1287.6025390625,390.21893310546875,0.975288987159729,1137.724609375,506.37353515625,0.9808655977249146,1229.0474853515625,554.5198974609375,0.9183831214904785
190,1243.3824462890625,272.70196533203125,0.9880236983299255,1131.4737548828125,331.57586669921875,0.9871686697006226,1285.969970703125,391.5582580566406,0.9824120998382568,1134.751220703125,506.5516357421875,0.9805912971496582,1223.3482666015625,555.1680297851562,0.9415931105613708
191,1242.0372314453125,272.76458740234375,0.9874534010887146,1130.5206298828125,332.2064514160156,0.9849764108657837,1284.671875,392.1349792480469,0.9830058813095093,1130.408203125,506.8060302734375,0.9790345430374146,1220.2701416015625,555.137939453125,0.9296528100967407
192,1240.5589599609375,273.57861328125,0.9855474829673767,1129.3323974609375,333.1176452636719,0.9802024960517883,1282.2012939453125,392.7781982421875,0.9841151237487793,1125.5892333984375,505.9496154785156,0.9752763509750366,1217.1002197265625,555.0620727539062,0.8959169387817383
193,1237.7830810546875,274.8067321777344,0.9875823259353638,1128.5579833984375,333.64569091796875,0.971407413482666,1280.8697509765625,394.47393798828125,0.9798225164413452,1122.3206787109375,505.7447509765625,0.9803407192230225,1212.784912109375,554.4205932617188,0.9249158501625061
194,1236.89306640625,275.5888977050781,0.9906810522079468,1127.4588623046875,334.1844482421875,0.979579746723175,1277.205078125,395.6222229003906,0.9765990972518921,1119.55908203125,505.7512512207031,0.9785987138748169,1206.3736572265625,554.8770141601562,0.9411085844039917
195,1235.21826171875,276.9187316894531,0.9924154281616211,1125.9891357421875,335.0310363769531,0.9807772636413574,1274.868408203125,396.3385314941406,0.9808201193809509,1115.80224609375,505.15655517578125,0.9808790683746338,1202.8529052734375,554.6893310546875,0.923168420791626
196,1234.3673095703125,277.8481750488281,0.991346538066864,1124.3734130859375,335.88580322265625,0.9809259176254272,1272.521728515625,397.9638671875,0.9709519147872925,1109.86279296875,503.99200439453125,0.9675714373588562,1198.20947265625,554.4901123046875,0.9142470359802246
197,1233.2435302734375,278.2903747558594,0.9887294173240662,1123.2623291015625,335.98681640625,0.9808056354522705,1270.81005859375,399.2166442871094,0.9735407829284668,1105.8753662109375,503.10504150390625,0.9726457595825195,1192.3360595703125,555.0575561523438,0.93848717212677
198,1232.384033203125,278.50933837890625,0.9863253235816956,1119.618896484375,335.4595947265625,0.9766106605529785,1269.042236328125,399.88482666015625,0.9743077754974365,1102.038818359375,502.5975036621094,0.9852381944656372,1188.3973388671875,554.8493041992188,0.9352034330368042
199,1229.5927734375,278.18133544921875,0.9881594777107239,1118.2813720703125,335.2541809082031,0.9806222319602966,1266.78076171875,401.4642639160156,0.9699490070343018,1098.63720703125,500.7468566894531,0.981116771697998,1185.247802734375,554.7837524414062,0.9121614694595337
200,1228.618896484375,278.0404357910156,0.9896649122238159,1117.293701171875,335.4803161621094,0.9859236478805542,1265.287109375,402.13592529296875,0.9699970483779907,1095.4669189453125,498.8504333496094,0.959854245185852,1181.6778564453125,553.9376220703125,0.9120849370956421
201,1227.55615234375,278.5884704589844,0.989716649055481,1116.53125,335.4283447265625,0.9885563850402832,1263.889404296875,402.736328125,0.9641890525817871,1091.30322265625,497.4917907714844,0.9687867760658264,1174.153076171875,554.17431640625,0.9421386122703552
202,1226.5721435546875,278.1713562011719,0.99015212059021,1116.0906982421875,335.171875,0.9884480834007263,1262.4197998046875,402.82965087890625,0.9682819247245789,1086.8780517578125,497.5958557128906,0.9828171730041504,1171.321044921875,554.4028930664062,0.9220209121704102
203,1225.503662109375,278.2923889160156,0.9883965253829956,1115.6007080078125,334.9841003417969,0.9884295463562012,1260.8779296875,402.66668701171875,0.9692890644073486,1082.6903076171875,495.5824279785156,0.9736090898513794,1169.044921875,553.857177734375,0.895194411277771
204,1225.2301025390625,277.8866271972656,0.9881192445755005,1115.2216796875,334.5876770019531,0.987194299697876,1259.3668212890625,402.5020751953125,0.9717328548431396,1078.73291015625,492.4336853027344,0.97735196352005,1163.921875,554.1592407226562,0.9182016849517822
205,1224.5933837890625,277.6014404296875,0.9888491630554199,1114.4571533203125,334.021484375,0.9855985641479492,1257.86279296875,402.2840270996094,0.9676388502120972,1075.3232421875,490.5216369628906,0.9838308691978455,1156.7830810546875,554.072021484375,0.9380449056625366
206,1224.154296875,276.9704284667969,0.9892931580543518,1113.9339599609375,333.0594177246094,0.982465922832489,1255.595458984375,403.1466979980469,0.97218918800354,1072.4364013671875,489.8591613769531,0.9808012247085571,1153.6517333984375,554.0407104492188,0.888857364654541
207,1223.765380859375,276.4068908691406,0.987666130065918,1113.5386962890625,332.1301574707031,0.9815082550048828,1254.6446533203125,403.0058288574219,0.975635826587677,1068.900146484375,489.2358093261719,0.9854484796524048,1148.103515625,553.6576538085938,0.9095405340194702
208,1223.509765625,276.1090393066406,0.987459123134613,1113.4833984375,331.3733825683594,0.980663001537323,1253.70947265625,402.7532958984375,0.9781962633132935,1064.7767333984375,486.1392822265625,0.9706262350082397,1142.8338623046875,553.7178344726562,0.9323626756668091
209,1223.4029541015625,274.815185546875,0.988410234451294,1112.834716796875,330.0720520019531,0.9783326387405396,1252.6556396484375,402.495361328125,0.9762884378433228,1061.7874755859375,484.3804016113281,0.9729562997817993,1138.67138671875,553.7640991210938,0.914781391620636
210,1223.6170654296875,274.1738586425781,0.9877392053604126,1112.0411376953125,328.6966857910156,0.9701895117759705,1251.4962158203125,402.1065368652344,0.975175678730011,1057.4954833984375,485.0147399902344,0.9798218011856079,1134.8154296875,552.7606811523438,0.8625853061676025
211,1223.547607421875,273.5506896972656,0.9878904819488525,1111.06494140625,326.7017517089844,0.961266279220581,1250.80908203125,401.6529846191406,0.9719406366348267,1053.3585205078125,482.45501708984375,0.9905694723129272,1131.182861328125,553.497802734375,0.907248854637146
212,1223.3077392578125,272.9133605957031,0.9827247858047485,1110.7835693359375,325.593505859375,0.9656816124916077,1250.0498046875,401.2138671875,0.9678897261619568,1050.048828125,480.8434753417969,0.9729110598564148,1125.49609375,553.7041625976562,0.923213005065918
213,1223.43505859375,272.5636291503906,0.9840161800384521,1110.3077392578125,324.4339599609375,0.971581757068634,1249.3134765625,400.3154296875,0.966306209564209,1046.169677734375,478.036865234375,0.9751576781272888,1121.5189208984375,553.36865234375,0.8960613012313843
214,1222.445068359375,271.6314392089844,0.9816704988479614,1110.20068359375,323.1778869628906,0.9746691584587097,1248.7000732421875,399.9625244140625,0.9659587740898132,1043.5528564453125,476.5063781738281,0.9779230356216431,1117.453125,552.3007202148438,0.8931604623794556
215,1222.7991943359375,271.6451416015625,0.9797077178955078,1109.94384765625,322.8488464355469,0.9763800501823425,1248.0504150390625,399.943115234375,0.9614660739898682,1040.19287109375,474.9552917480469,0.9785637855529785,1111.8509521484375,553.6880493164062,0.8965671062469482
216,1222.8050537109375,271.46270751953125,0.9816896915435791,1109.915283203125,322.6378479003906,0.9764597415924072,1246.954345703125,400.61517333984375,0.9578001499176025,1037.51171875,474.0545349121094,0.9855571389198303,1107.114013671875,553.837646484375,0.915277361869812
217,1223.1544189453125,271.53936767578125,0.9817473888397217,1109.905029296875,322.39434814453125,0.9787934422492981,1246.3150634765625,401.0323486328125,0.9634480476379395,1033.677490234375,473.9520568847656,0.9850648641586304,1102.48828125,552.0062255859375,0.890357255935669
218,1223.137451171875,271.5690002441406,0.9806063175201416,1110.1915283203125,321.93377685546875,0.9779739379882812,1246.1895751953125,401.32891845703125,0.9673464894294739,1031.40087890625,469.8389587402344,0.9721901416778564,1096.142333984375,553.4445190429688,0.8991166353225708
219,1225.2222900390625,272.1341857910156,0.9802500009536743,1110.3209228515625,321.62109375,0.9769689440727234,1245.7989501953125,401.3710632324219,0.9684462547302246,1028.906982421875,468.005859375,0.9721954464912415,1093.042236328125,553.5478515625,0.9145624041557312
220,1226.163818359375,271.9524230957031,0.9828091859817505,1111.5406494140625,320.9576721191406,0.9728941917419434,1245.790771484375,401.50921630859375,0.9677811861038208,1025.01318359375,468.203369140625,0.9685574173927307,1089.158935546875,551.6959228515625,0.882882833480835
221,1228.229736328125,271.6346740722656,0.9810026288032532,1112.35302734375,320.4088439941406,0.977888822555542,1246.055419921875,401.8730163574219,0.9665247201919556,1021.6763916015625,466.27734375,0.9790865182876587,1084.20654296875,551.6067504882812,0.9205197691917419
222,1229.9588623046875,271.3398742675781,0.9755855798721313,1113.410400390625,319.50384521484375,0.9815433621406555,1246.0216064453125,402.1512145996094,0.9665012955665588,1019.49755859375,464.0966491699219,0.9638357758522034,1078.5133056640625,551.058837890625,0.91608726978302
223,1232.9862060546875,272.27691650390625,0.9827505946159363,1114.5948486328125,318.39239501953125,0.9835520386695862,1246.39892578125,402.3000793457031,0.9673556089401245,1016.5269165039062,462.2570495605469,0.9728308916091919,1074.6318359375,551.5138549804688,0.9041633605957031
224,1234.2520751953125,272.810546875,0.9852557182312012,1116.0460205078125,317.47900390625,0.9814409017562866,1246.9105224609375,402.14422607421875,0.963593602180481,1014.4759521484375,459.78704833984375,0.9828953146934509,1070.207275390625,551.6802368164062,0.8951826095581055
225,1236.82080078125,272.0444030761719,0.9873101115226746,1117.05859375,316.1212463378906,0.9816889762878418,1247.57373046875,402.1782531738281,0.9597054719924927,1012.8599853515625,457.1908874511719,0.9803134202957153,1066.9661865234375,551.6251831054688,0.9217004776000977
226,1238.614990234375,271.35113525390625,0.9883079528808594,1120.5888671875,314.8132019042969,0.9770640134811401,1248.4466552734375,401.9551086425781,0.9637007713317871,1010.9009399414062,456.0390625,0.9673818945884705,1060.89306640625,550.7520141601562,0.9304112195968628
227,1241.59716796875,272.11956787109375,0.9895965456962585,1122.8162841796875,313.7116394042969,0.9823508262634277,1249.6494140625,401.38336181640625,0.9698337912559509,1008.5999755859375,454.8841552734375,0.9714514017105103,1057.0576171875,550.8143310546875,0.8938033580780029
228,1243.48046875,269.499755859375,0.9843531847000122,1125.36474609375,310.8133850097656,0.9765812158584595,1250.6602783203125,399.58062744140625,0.9749714136123657,1006.9105224609375,453.6640625,0.9808073043823242,1052.4132080078125,551.2418823242188,0.9183564186096191
229,1245.828369140625,268.8381652832031,0.9803972244262695,1126.9244384765625,309.10211181640625,0.9737625122070312,1251.4901123046875,398.3898010253906,0.9797179698944092,1005.3468017578125,452.1696472167969,0.9796291589736938,1047.1002197265625,550.057861328125,0.9246013164520264
230,1247.9046630859375,268.5701599121094,0.9836405515670776,1128.510986328125,306.8493347167969,0.9792649745941162,1252.4488525390625,397.1877746582031,0.9798194169998169,1002.2882690429688,450.7718811035156,0.9749712347984314,1042.871337890625,549.951904296875,0.9337096214294434
231,1248.605712890625,267.60595703125,0.9831726551055908,1130.0621337890625,305.553466796875,0.9876258373260498,1253.4906005859375,395.9513854980469,0.982133686542511,999.4996337890625,449.7306823730469,0.9486955404281616,1038.057373046875,549.8424682617188,0.9169360399246216
232,1250.5225830078125,266.6352233886719,0.9834688901901245,1131.3123779296875,304.18231201171875,0.9886030554771423,1254.4208984375,394.9658203125,0.9845166802406311,996.9010009765625,448.5506896972656,0.9600659012794495,1032.0147705078125,549.457763671875,0.8990563154220581
233,1251.969970703125,265.8823547363281,0.9872127175331116,1132.36181640625,303.11181640625,0.9858861565589905,1255.134521484375,394.2676696777344,0.9815528392791748,993.8506469726562,445.4973449707031,0.9693468809127808,1028.984375,549.377685546875,0.9412518739700317
234,1252.87060546875,264.7723083496094,0.9873489141464233,1133.4193115234375,301.9435119628906,0.9812127351760864,1255.448486328125,393.9242858886719,0.9767216444015503,990.154541015625,445.3816833496094,0.9840199947357178,1025.172119140625,549.0731201171875,0.9112039804458618
235,1254.244873046875,264.62310791015625,0.9884108304977417,1135.8057861328125,300.73565673828125,0.9824872016906738,1256.1783447265625,393.43731689453125,0.9737550020217896,987.0739135742188,443.8150329589844,0.9878833293914795,1020.78466796875,549.1155395507812,0.9235010147094727
236,1254.9530029296875,264.7809753417969,0.9839745163917542,1136.5926513671875,299.5116271972656,0.9850616455078125,1257.852294921875,392.3748474121094,0.9666945934295654,984.6146240234375,442.7822265625,0.9861529469490051,1014.8485107421875,547.9920654296875,0.9354249238967896
237,1257.0859375,264.51116943359375,0.9825270175933838,1138.1903076171875,299.0696716308594,0.9860597848892212,1258.3143310546875,392.1819152832031,0.9696593880653381,983.7481689453125,441.2079772949219,0.9787671566009521,1011.419677734375,547.4349975585938,0.9441789388656616
238,1258.5384521484375,263.7785339355469,0.9882396459579468,1139.3006591796875,298.56768798828125,0.9852453470230103,1258.8177490234375,391.8412170410156,0.969308614730835,980.1094970703125,439.87286376953125,0.9754519462585449,1006.0996704101562,547.884033203125,0.9285425543785095
239,1259.790283203125,263.63873291015625,0.9893283247947693,1140.6441650390625,298.1326599121094,0.9855701923370361,1259.3262939453125,391.5853271484375,0.9702100157737732,977.2649536132812,440.3096008300781,0.9654675722122192,999.406982421875,546.9987182617188,0.9122505187988281
240,1260.8544921875,263.6726989746094,0.9859963655471802,1142.1630859375,297.83203125,0.9850947856903076,1259.5791015625,391.4646911621094,0.9721311330795288,975.173828125,438.52252197265625,0.9751753211021423,995.1185913085938,545.8727416992188,0.9289156198501587
241,1264.1739501953125,265.30877685546875,0.9817885160446167,1143.2818603515625,297.26483154296875,0.9772204160690308,1259.9136962890625,391.5167541503906,0.9710820913314819,972.2572021484375,437.2035827636719,0.979037880897522,991.7084350585938,546.2473754882812,0.9217060804367065
242,1266.0302734375,265.3988952636719,0.9868018627166748,1145.2205810546875,297.52593994140625,0.9678656458854675,1260.4287109375,391.580810546875,0.9700323343276978,969.6133422851562,435.6733703613281,0.9722554683685303,988.3226318359375,545.853271484375,0.9301420450210571
243,1267.8262939453125,265.9126892089844,0.9906617403030396,1146.599365234375,297.3988037109375,0.9684237837791443,1260.74609375,391.4224853515625,0.9693215489387512,967.305419921875,435.02618408203125,0.9583130478858948,981.9344482421875,544.9821166992188,0.9361553192138672
244,1269.0826416015625,266.060791015625,0.9892213344573975,1147.261962890625,296.09246826171875,0.9717817902565002,1261.4034423828125,391.2967529296875,0.9720208644866943,965.4888305664062,434.1085205078125,0.9689521789550781,978.2945556640625,544.1475830078125,0.9216341972351074
245,1270.985595703125,267.3468322753906,0.9901537895202637,1148.788818359375,295.47747802734375,0.972078800201416,1261.5408935546875,391.5498962402344,0.9697545766830444,964.0739135742188,432.8313903808594,0.9658782482147217,974.7549438476562,544.93359375,0.9244977235794067
246,1272.9298095703125,266.7539367675781,0.9877885580062866,1149.8994140625,295.4082336425781,0.9729145765304565,1262.0079345703125,391.7937927246094,0.968059778213501,962.4813232421875,429.1163024902344,0.9796090126037598,971.1351318359375,542.8411865234375,0.9181410074234009
247,1274.8389892578125,267.8166809082031,0.9907619953155518,1151.1007080078125,295.4815673828125,0.9670865535736084,1262.4354248046875,391.9187927246094,0.9672999382019043,960.4640502929688,428.06072998046875,0.9683703184127808,964.822998046875,541.8073120117188,0.9119767546653748
248,1276.5806884765625,268.4942321777344,0.9872308969497681,1153.6275634765625,296.2794189453125,0.9723244309425354,1262.8251953125,392.16571044921875,0.9676717519760132,957.1558837890625,428.5010070800781,0.9759962558746338,958.07666015625,541.7640991210938,0.9141548871994019
249,1278.5179443359375,268.9864196777344,0.9823349714279175,1155.38525390625,296.2470703125,0.9781579971313477,1263.7918701171875,392.3050231933594,0.9761142730712891,953.404296875,427.939208984375,0.9762705564498901,954.6343994140625,541.2174072265625,0.9165692925453186
250,1281.0084228515625,270.5141296386719,0.9841615557670593,1157.685546875,296.7026062011719,0.9815796613693237,1264.8565673828125,392.317626953125,0.9805131554603577,952.4375,426.4149169921875,0.9732447862625122,949.8157348632812,539.683349609375,0.9076583385467529
251,1283.1529541015625,270.4217224121094,0.9848757386207581,1159.2926025390625,296.0648193359375,0.9673253893852234,1265.6185302734375,392.3272399902344,0.9832199811935425,950.6705932617188,423.1496276855469,0.9639538526535034,945.4639892578125,538.6624755859375,0.9182195663452148
252,1285.40185546875,270.8967590332031,0.9845069646835327,1161.172119140625,294.5321350097656,0.9717641472816467,1267.0394287109375,391.9958190917969,0.9864825010299683,949.2599487304688,421.9248352050781,0.9730179905891418,940.4466552734375,538.1633911132812,0.9119426012039185
253,1286.77392578125,271.3984680175781,0.9784383773803711,1162.655517578125,293.6930847167969,0.9849785566329956,1268.768798828125,391.5223693847656,0.9870344400405884,948.29638671875,420.4688720703125,0.9658932089805603,936.5397338867188,536.9737548828125,0.9028012156486511
254,1289.951416015625,272.30963134765625,0.9847477078437805,1164.2215576171875,294.18914794921875,0.9843238592147827,1270.0286865234375,391.0581359863281,0.9842274188995361,947.16064453125,419.353759765625,0.9664722681045532,931.0027465820312,533.229248046875,0.9154931306838989
255,1292.23828125,271.94189453125,0.9849126935005188,1165.83349609375,294.2842102050781,0.9849885702133179,1270.8868408203125,390.47991943359375,0.9818912744522095,944.9430541992188,419.21148681640625,0.9686622619628906,926.2086181640625,531.9923706054688,0.903606653213501
256,1293.776123046875,272.6211242675781,0.9797854423522949,1167.669677734375,294.8031311035156,0.9763296246528625,1273.2618408203125,389.53863525390625,0.975304126739502,943.939208984375,418.3288879394531,0.9713361263275146,921.5719604492188,530.3785400390625,0.9347642660140991
257,1296.697265625,273.8214111328125,0.9868075847625732,1170.793701171875,295.1973876953125,0.9756215214729309,1274.922119140625,389.6175231933594,0.9786871671676636,943.3170776367188,417.143798828125,0.9693281650543213,917.6123046875,528.1150512695312,0.9179712533950806
258,1298.97705078125,274.6406555175781,0.9899724721908569,1172.814208984375,294.9372863769531,0.9788949489593506,1275.8897705078125,390.12841796875,0.975799560546875,943.4755859375,416.3599548339844,0.960204005241394,915.0018920898438,524.8662109375,0.9128831624984741
259,1300.8447265625,275.7453308105469,0.9885164499282837,1174.9053955078125,295.08807373046875,0.9750813245773315,1276.3502197265625,390.73876953125,0.9757667779922485,943.7177124023438,415.7712707519531,0.9527183175086975,909.4539794921875,522.7928466796875,0.8988876342773438
260,1302.7174072265625,276.9502258300781,0.9836665391921997,1176.2955322265625,296.65106201171875,0.9678018093109131,1276.947021484375,391.6157531738281,0.9743764996528625,945.758056640625,413.9574890136719,0.9492900371551514,905.5640869140625,519.023681640625,0.9076073169708252
261,1306.02685546875,278.2375183105469,0.9850796461105347,1177.8717041015625,297.2868957519531,0.9784379601478577,1277.64599609375,392.4929504394531,0.9730009436607361,946.7752075195312,414.2696228027344,0.9520240426063538,902.0012817382812,518.1949462890625,0.9232145547866821
262,1308.629150390625,280.3847351074219,0.9779641628265381,1178.8568115234375,298.29974365234375,0.984072744846344,1278.1595458984375,393.072021484375,0.9659472703933716,949.1747436523438,415.9601745605469,0.9582267999649048,900.5227661132812,516.277099609375,0.9258511066436768
263,1310.6063232421875,281.1406555175781,0.9741460084915161,1179.819580078125,298.97705078125,0.9860202074050903,1279.7540283203125,394.0357666015625,0.9726614952087402,951.5761108398438,416.9342041015625,0.956939160823822,897.3480834960938,514.7863159179688,0.8838530778884888
264,1312.437255859375,283.01348876953125,0.9751850366592407,1181.2498779296875,300.2180480957031,0.9816268682479858,1280.3323974609375,394.773681640625,0.9757652282714844,953.5733032226562,418.2071838378906,0.9637934565544128,893.8561401367188,513.1650390625,0.9251366853713989
265,1313.8861083984375,285.0756530761719,0.9798164367675781,1184.63232421875,300.8828125,0.9852294325828552,1281.814208984375,395.2234191894531,0.9782493710517883,955.9287109375,420.7159118652344,0.9778498411178589,891.7527465820312,512.6123657226562,0.9044567346572876
266,1315.8253173828125,286.49945068359375,0.9795939922332764,1186.581787109375,302.49505615234375,0.9889758825302124,1282.7125244140625,395.9360656738281,0.9740774631500244,957.4525146484375,425.1135559082031,0.9683510065078735,890.3980102539062,509.72735595703125,0.9056025743484497
267,1316.5643310546875,288.59637451171875,0.9815187454223633,1188.316162109375,303.4720764160156,0.988233208656311,1284.5245361328125,397.36865234375,0.9717505574226379,958.7236328125,427.56268310546875,0.9609165787696838,887.053955078125,509.425537109375,0.9063814878463745
268,1317.6854248046875,289.5534973144531,0.9800905585289001,1189.7105712890625,305.285888671875,0.9900425672531128,1285.8477783203125,398.939453125,0.9644395112991333,963.2352294921875,428.0669860839844,0.9643354415893555,886.2279663085938,509.9020690917969,0.8998498916625977
269,1320.142822265625,289.6869201660156,0.9821164608001709,1190.5546875,307.1452331542969,0.988752543926239,1287.6053466796875,401.8343505859375,0.9449135065078735,967.0648803710938,430.1768493652344,0.962631106376648,885.1096801757812,510.1502685546875,0.9118104577064514
270,1321.4498291015625,291.0616760253906,0.9853712320327759,1192.0384521484375,309.28173828125,0.984173059463501,1291.2064208984375,402.421875,0.9704274535179138,968.2507934570312,432.3224792480469,0.9577362537384033,884.2218017578125,509.07781982421875,0.8982431888580322
271,1323.2313232421875,292.5784912109375,0.9859111309051514,1193.989013671875,313.03057861328125,0.9829750061035156,1293.3516845703125,404.53619384765625,0.972630500793457,971.0404052734375,434.83056640625,0.9806051254272461,883.8906860351562,507.36151123046875,0.9090188145637512
272,1324.6654052734375,293.9927062988281,0.9831652641296387,1195.3477783203125,314.6940612792969,0.9886627197265625,1296.58154296875,406.4433898925781,0.9735426902770996,973.1529541015625,437.4024963378906,0.9801413416862488,883.4322509765625,506.7205505371094,0.9007847905158997
273,1325.635986328125,294.66851806640625,0.9807700514793396,1197.3961181640625,316.40972900390625,0.9866651892662048,1299.7181396484375,407.24114990234375,0.9859945178031921,975.0265502929688,439.5975036621094,0.9760635495185852,883.3635864257812,506.9533996582031,0.9165903329849243
274,1326.11279296875,294.6796569824219,0.9821114540100098,1200.528076171875,317.3599548339844,0.9894248843193054,1301.7138671875,407.8580017089844,0.9831091165542603,976.6160278320312,441.9797668457031,0.980492353439331,883.055908203125,506.5538330078125,0.8591553568840027
275,1327.9495849609375,295.0267639160156,0.9806769490242004,1202.60986328125,318.9808349609375,0.9908760786056519,1302.9320068359375,408.6545715332031,0.9767246246337891,979.27734375,443.7535400390625,0.9880775213241577,882.6822509765625,506.9324645996094,0.8509132862091064
276,1328.514404296875,294.9668273925781,0.9848909378051758,1203.798583984375,319.88037109375,0.9898147583007812,1304.77978515625,409.222412109375,0.9650747776031494,983.080322265625,445.8309631347656,0.9828842878341675,883.0858154296875,506.65911865234375,0.8151816129684448
277,1329.046142578125,294.7571716308594,0.985852837562561,1204.7349853515625,321.0666809082031,0.9895460605621338,1305.8212890625,409.93743896484375,0.9678502082824707,987.5230712890625,447.3350830078125,0.9859356880187988,884.9220581054688,506.63482666015625,0.8498833179473877
278,1329.2264404296875,294.6753845214844,0.986993134021759,1205.2950439453125,322.2730712890625,0.9892622828483582,1307.8280029296875,410.6329040527344,0.9675078392028809,993.7149658203125,445.7779235839844,0.972227931022644,886.7330932617188,507.1441650390625,0.789301872253418
279,1329.2537841796875,294.2220153808594,0.9877972602844238,1205.794189453125,322.8282775878906,0.9881355166435242,1311.8787841796875,410.0975341796875,0.9764746427536011,998.2490844726562,445.70001220703125,0.9784083366394043,892.3092651367188,505.3045654296875,0.8328664302825928
280,1329.2159423828125,293.6891784667969,0.9883354306221008,1206.251708984375,323.2613525390625,0.9863206744194031,1313.53173828125,410.4505920410156,0.98167484998703,1003.8218383789062,445.1399841308594,0.9785410165786743,897.7141723632812,504.5536193847656,0.8103359937667847
281,1329.4166259765625,293.6863708496094,0.9880362749099731,1206.5478515625,323.4877624511719,0.9874719381332397,1315.66455078125,410.5645446777344,0.9796192646026611,1010.3621826171875,442.2156982421875,0.9801050424575806,903.6845092773438,505.8221740722656,0.7773776054382324
282,1328.8304443359375,293.98541259765625,0.9874268770217896,1206.802001953125,324.44317626953125,0.9864540100097656,1318.089599609375,411.42120361328125,0.9836472272872925,1015.7979125976562,440.31512451171875,0.9810969829559326,915.3944091796875,506.0441589355469,0.8093348741531372
283,1328.5191650390625,294.22900390625,0.9874770641326904,1207.477294921875,325.2161560058594,0.9850497245788574,1320.32080078125,412.7117614746094,0.9752974510192871,1024.33349609375,432.8915100097656,0.9871878027915955,928.4872436523438,506.5830993652344,0.7610220909118652
284,1328.3238525390625,294.7442321777344,0.9855515360832214,1207.98291015625,326.4716491699219,0.9781972765922546,1323.0516357421875,413.24261474609375,0.9705913662910461,1034.8504638671875,425.7132873535156,0.9861728549003601,945.8088989257812,505.979736328125,0.8080167770385742
285,1327.9752197265625,294.8573913574219,0.9830126762390137,1208.4713134765625,328.89581298828125,0.9804307818412781,1325.089599609375,414.3927917480469,0.9605043530464172,1047.4041748046875,417.5499572753906,0.9790975451469421,965.6354370117188,505.6887512207031,0.8228031396865845
286,1326.6395263671875,294.805419921875,0.9789067506790161,1209.2989501953125,329.52801513671875,0.9828577041625977,1329.039794921875,417.9090270996094,0.9649118185043335,1064.791015625,410.6687316894531,0.978482723236084,989.21337890625,507.24676513671875,0.8286378383636475
287,1326.0189208984375,295.0601806640625,0.9765909910202026,1209.8873291015625,330.3273620605469,0.986441433429718,1331.68896484375,419.591552734375,0.981472909450531,1077.50341796875,404.19012451171875,0.9766967296600342,1014.286865234375,507.1922607421875,0.8703893423080444
288,1325.6820068359375,295.35955810546875,0.9741965532302856,1210.2109375,330.7877197265625,0.9892469644546509,1333.763671875,421.012451171875,0.9828451871871948,1091.190673828125,398.0691833496094,0.983444094657898,1044.5684814453125,507.9688720703125,0.9069867730140686
289,1325.0137939453125,295.5083312988281,0.9740952253341675,1210.3599853515625,330.72174072265625,0.9894500970840454,1336.0850830078125,422.3435974121094,0.9718703031539917,1103.9732666015625,394.5438232421875,0.9895098209381104,1075.24951171875,510.1549377441406,0.9315494894981384
290,1324.76708984375,295.29901123046875,0.975319504737854,1210.655029296875,330.5697937011719,0.9893510341644287,1340.1490478515625,422.3944396972656,0.9736631512641907,1115.446533203125,396.5118103027344,0.9802182912826538,1106.10302734375,507.8814697265625,0.9080886244773865
291,1324.5242919921875,295.0721740722656,0.9768780469894409,1210.7767333984375,330.3912658691406,0.9886823892593384,1342.2718505859375,422.3625793457031,0.9702447056770325,1125.60009765625,396.0044860839844,0.9802197217941284,1129.4521484375,508.1385803222656,0.7681964635848999
292,1324.58447265625,295.003173828125,0.975601315498352,1210.9967041015625,330.2142333984375,0.9881435632705688,1344.552001953125,421.7157897949219,0.9751133918762207,1134.677734375,399.6266174316406,0.9732891321182251,1146.4837646484375,506.3676452636719,0.800635814666748
293,1324.4359130859375,294.6303405761719,0.978675365447998,1211.1915283203125,329.65692138671875,0.9848027229309082,1347.6531982421875,421.4125061035156,0.9825712442398071,1141.9981689453125,403.9375915527344,0.976594090461731,1160.991943359375,501.48284912109375,0.9351126551628113
294,1324.67919921875,294.4319763183594,0.9800214767456055,1211.5560302734375,329.3542175292969,0.9828555583953857,1349.7647705078125,420.0166931152344,0.977631688117981,1146.0782470703125,409.316162109375,0.9823508858680725,1172.1187744140625,501.7109375,0.9669808745384216
295,1325.1064453125,293.6479797363281,0.9815901517868042,1211.550537109375,329.0361633300781,0.9809948205947876,1351.50537109375,418.1278381347656,0.963407039642334,1148.8289794921875,415.42108154296875,0.9658408164978027,1185.3070068359375,502.4313659667969,0.9524651765823364
296,1325.7178955078125,292.5816650390625,0.9806024432182312,1212.475341796875,327.89556884765625,0.9802888631820679,1354.9178466796875,414.60491943359375,0.9654319286346436,1149.033203125,421.9614562988281,0.9801155924797058,1196.900146484375,506.0150451660156,0.9082760810852051
297,1325.8487548828125,291.38653564453125,0.9822773933410645,1212.5001220703125,327.1941833496094,0.9828834533691406,1359.7197265625,412.080810546875,0.9781832695007324,1149.884765625,429.51611328125,0.9698870182037354,1206.082275390625,508.0989990234375,0.9308321475982666
298,1325.8699951171875,290.21343994140625,0.9811156988143921,1212.6070556640625,326.95013427734375,0.9842219352722168,1361.778564453125,409.1080017089844,0.979485273361206,1150.8482666015625,438.9085693359375,0.9726846218109131,1217.202880859375,509.4538269042969,0.9243491291999817
299,1326.060791015625,289.559326171875,0.98108971118927,1212.499267578125,326.33319091796875,0.9856834411621094,1363.571533203125,407.15625,0.9822630882263184,1153.981689453125,445.16192626953125,0.9775373935699463,1227.022705078125,512.591552734375,0.9284206628799438
300,1325.8489990234375,287.66705322265625,0.9696911573410034,1212.135009765625,326.36883544921875,0.9872581958770752,1364.6339111328125,405.1132507324219,0.9809229969978333,1155.974365234375,452.7902526855469,0.9730249643325806,1234.381591796875,514.9064331054688,0.9489575028419495
301,1325.9561767578125,285.29608154296875,0.9672868847846985,1211.8642578125,326.1207275390625,0.9884138107299805,1365.854248046875,402.17041015625,0.9679285883903503,1158.626708984375,459.52740478515625,0.9856165647506714,1243.3299560546875,517.4175415039062,0.9269530773162842
302,1324.8671875,283.6982421875,0.9758961796760559,1211.6856689453125,326.0216369628906,0.9884071350097656,1366.7633056640625,398.3268127441406,0.9698470830917358,1162.0509033203125,466.6757507324219,0.9764336943626404,1250.095947265625,520.4454956054688,0.8942786455154419
303,1323.612548828125,282.1174621582031,0.9781297445297241,1211.258544921875,325.64459228515625,0.9894090890884399,1367.2520751953125,396.025634765625,0.976742148399353,1167.5306396484375,474.0333251953125,0.9826527237892151,1255.890380859375,523.6570434570312,0.8946002721786499
304,1322.447998046875,280.9316711425781,0.9777826070785522,1210.897216796875,325.13299560546875,0.9900208711624146,1367.11572265625,393.7220153808594,0.9773170948028564,1171.8388671875,478.05755615234375,0.9783439040184021,1265.0732421875,525.0968627929688,0.9303032159805298
305,1321.3524169921875,279.2200927734375,0.9777458906173706,1210.2498779296875,324.29046630859375,0.9906835556030273,1367.2584228515625,392.318603515625,0.9706658720970154,1176.8790283203125,484.5727844238281,0.9608449339866638,1271.02294921875,527.2687377929688,0.9163475036621094
306,1320.4356689453125,277.7840576171875,0.975864052772522,1209.588134765625,323.90716552734375,0.9900879859924316,1366.9727783203125,390.2016906738281,0.9720642566680908,1181.888671875,490.6326904296875,0.9750385284423828,1278.4674072265625,528.482666015625,0.9247257113456726
307,1317.76953125,277.9497375488281,0.983129620552063,1208.71142578125,322.9983215332031,0.988065242767334,1366.533203125,388.4227600097656,0.9720309972763062,1186.0791015625,492.8758239746094,0.9720178246498108,1283.7127685546875,529.3714599609375,0.9481020569801331
308,1316.7728271484375,276.8553771972656,0.9859386682510376,1208.025146484375,322.1438903808594,0.9837375283241272,1366.043701171875,386.92572021484375,0.9717361927032471,1189.972412109375,496.6669006347656,0.9556742906570435,1290.873779296875,530.1049194335938,0.939518928527832
309,1316.298583984375,276.164306640625,0.9850695133209229,1207.3984375,321.4832763671875,0.982995867729187,1365.6588134765625,385.66497802734375,0.9673904776573181,1194.1728515625,500.63409423828125,0.9690030217170715,1295.670166015625,532.3336181640625,0.9145509004592896
310,1315.43896484375,275.3085632324219,0.9850106239318848,1206.2047119140625,320.96502685546875,0.986278772354126,1364.704345703125,383.1721496582031,0.9736859798431396,1197.623046875,502.9068298339844,0.971806526184082,1299.0126953125,534.8029174804688,0.8930838108062744
311,1314.5517578125,274.0892639160156,0.9845702648162842,1204.943115234375,320.5323791503906,0.9882417917251587,1363.70458984375,381.6064147949219,0.9779156446456909,1200.4588623046875,503.8631286621094,0.9657149910926819,1301.0206298828125,538.4774780273438,0.9195797443389893
312,1313.45654296875,273.61968994140625,0.9848154187202454,1203.073974609375,319.8533020019531,0.9863669872283936,1361.89404296875,380.790283203125,0.9792917966842651,1202.40234375,505.2818603515625,0.9760805368423462,1302.7607421875,543.996337890625,0.9297752380371094
313,1312.45458984375,273.3863830566406,0.980505108833313,1199.5186767578125,319.1697692871094,0.9857277274131775,1360.2802734375,380.4857482910156,0.9750168323516846,1204.33447265625,505.7669677734375,0.9789711833000183,1302.7822265625,549.1295776367188,0.936415433883667
314,1310.162109375,272.955078125,0.9838967323303223,1197.764404296875,318.5444030761719,0.990064799785614,1356.3096923828125,380.19525146484375,0.9722718000411987,1203.370361328125,505.7574768066406,0.977019190788269,1299.768310546875,550.5455322265625,0.9275302886962891
315,1308.431640625,272.6923522949219,0.9846848249435425,1196.3626708984375,317.8946533203125,0.9908452033996582,1353.9510498046875,380.7535705566406,0.9729122519493103,1199.76318359375,505.1482238769531,0.9724589586257935,1294.44775390625,551.34375,0.914719820022583
316,1306.627685546875,272.3888854980469,0.9825704097747803,1194.644287109375,317.4394226074219,0.9890112280845642,1351.882080078125,380.8698425292969,0.9725852012634277,1194.795654296875,503.1752014160156,0.9700829386711121,1291.5430908203125,551.7879638671875,0.9221081733703613
317,1304.7667236328125,272.63824462890625,0.9771179556846619,1192.6917724609375,318.00341796875,0.9831439256668091,1349.2823486328125,381.5782775878906,0.97576904296875,1190.96484375,501.653076171875,0.9596960544586182,1284.184326171875,551.73583984375,0.9214133024215698
318,1300.9862060546875,272.6877746582031,0.975704550743103,1190.8939208984375,318.469482421875,0.9858095645904541,1346.58740234375,381.9620056152344,0.977817177772522,1186.648193359375,501.0013427734375,0.9659401178359985,1280.9417724609375,551.9439086914062,0.8894190788269043
319,1299.47705078125,272.6595764160156,0.9835572242736816,1188.3497314453125,318.510498046875,0.9850561618804932,1344.076904296875,383.16632080078125,0.9536404013633728,1181.451171875,501.2579040527344,0.9811795949935913,1275.976318359375,552.1264038085938,0.9082189202308655
320,1297.9256591796875,272.62481689453125,0.9860221147537231,1184.7884521484375,318.3754577636719,0.982114315032959,1340.1761474609375,384.7998046875,0.9591035842895508,1177.1849365234375,499.24578857421875,0.9696589708328247,1269.815673828125,553.3702392578125,0.9268736839294434
321,1296.678466796875,273.2627868652344,0.9849429130554199,1180.6680908203125,317.3883056640625,0.9865257143974304,1336.418212890625,385.8879089355469,0.953477144241333,1173.11181640625,498.564208984375,0.9637644290924072,1265.743408203125,552.14892578125,0.9135100841522217
322,1293.57666015625,272.95306396484375,0.9798797965049744,1178.8624267578125,316.935302734375,0.9860074520111084,1334.4132080078125,386.5665283203125,0.9689379334449768,1167.9510498046875,499.9964904785156,0.9789910316467285,1261.1329345703125,552.4895629882812,0.9072998762130737
323,1291.528564453125,272.89306640625,0.9835388660430908,1177.128173828125,317.4771423339844,0.9783586263656616,1332.1083984375,388.00225830078125,0.9765666723251343,1164.1181640625,498.348876953125,0.9772947430610657,1255.7225341796875,552.9451293945312,0.9170292615890503
324,1289.3447265625,272.7580871582031,0.9788908958435059,1175.6243896484375,316.8845520019531,0.9852498769760132,1329.347900390625,388.29034423828125,0.9686113595962524,1160.26806640625,495.7301025390625,0.9470587968826294,1251.2371826171875,552.33837890625,0.919501006603241
325,1285.8695068359375,272.6961669921875,0.9788264632225037,1173.5384521484375,317.10528564453125,0.9876648783683777,1326.060546875,389.09539794921875,0.9659260511398315,1156.84375,494.35986328125,0.9611660242080688,1247.398681640625,551.924560546875,0.8958632946014404
326,1284.5828857421875,273.13201904296875,0.9840788245201111,1171.457763671875,317.1495361328125,0.9881197214126587,1324.249755859375,389.57342529296875,0.9705401659011841,1153.7398681640625,493.5254211425781,0.9690284132957458,1244.170166015625,552.0260009765625,0.9156885147094727
327,1283.79736328125,273.3172607421875,0.9877867698669434,1169.6383056640625,317.41168212890625,0.9870215654373169,1322.6700439453125,390.2772216796875,0.971219539642334,1147.973388671875,493.7826232910156,0.9725946187973022,1238.42919921875,552.9523315429688,0.9250510931015015
328,1282.9630126953125,273.5195007324219,0.9896821975708008,1168.1202392578125,317.2037658691406,0.9830096364021301,1319.875732421875,392.0013732910156,0.9700220823287964,1143.3194580078125,491.9988098144531,0.9708999395370483,1234.00537109375,551.7623901367188,0.9211140871047974
329,1282.2861328125,273.8640441894531,0.990125298500061,1165.6541748046875,317.1427001953125,0.9848846197128296,1318.5804443359375,392.82147216796875,0.9756906032562256,1140.474853515625,490.93499755859375,0.9805362224578857,1229.4942626953125,552.0950927734375,0.9116002321243286
330,1281.6622314453125,274.4405212402344,0.9905269145965576,1164.784912109375,316.732666015625,0.9872100353240967,1317.2880859375,393.1426086425781,0.9814784526824951,1137.60791015625,489.3879089355469,0.9791660308837891,1224.1522216796875,552.499755859375,0.9078264236450195
331,1281.1798095703125,274.3730163574219,0.9890820384025574,1164.138427734375,316.5074157714844,0.9887335896492004,1315.7718505859375,393.6468200683594,0.9837684035301208,1135.267333984375,488.84906005859375,0.9765715003013611,1219.4892578125,551.3470458984375,0.9454437494277954
332,1280.4996337890625,274.39324951171875,0.987330973148346,1163.740478515625,316.32208251953125,0.9891848564147949,1314.4119873046875,394.0526428222656,0.985733151435852,1131.290283203125,486.9054870605469,0.9788611531257629,1215.591552734375,551.109619140625,0.9109618663787842
333,1280.26220703125,274.5028991699219,0.9858800172805786,1163.135498046875,316.1128845214844,0.988498330116272,1313.6851806640625,394.5508117675781,0.9857200980186462,1128.4385986328125,484.3832702636719,0.9632641077041626,1212.42724609375,551.3557739257812,0.928227961063385
334,1280.0985107421875,274.3976745605469,0.9859611392021179,1162.8511962890625,316.066650390625,0.9881476759910583,1312.519287109375,395.22882080078125,0.9833739995956421,1124.7069091796875,484.5854187011719,0.9714937210083008,1207.0697021484375,550.6433715820312,0.9298683404922485
335,1279.8843994140625,274.21197509765625,0.9850543737411499,1162.6962890625,315.68658447265625,0.9885826706886292,1311.6549072265625,395.4971008300781,0.9798362255096436,1120.0301513671875,484.93341064453125,0.9825847148895264,1202.69775390625,551.1040649414062,0.9397578239440918
336,1278.870361328125,273.0544128417969,0.9836040139198303,1162.59619140625,315.44146728515625,0.9885684251785278,1310.981201171875,395.4402160644531,0.9733692407608032,1116.4736328125,482.19342041015625,0.9827744960784912,1198.951416015625,551.2919921875,0.9005849361419678
337,1279.082763671875,272.4483642578125,0.9805300831794739,1162.4725341796875,315.0094299316406,0.9879481792449951,1309.303466796875,395.3976745605469,0.9765883684158325,1113.2264404296875,480.39434814453125,0.9714467525482178,1194.88232421875,551.100830078125,0.9232673048973083
338,1280.1064453125,272.79351806640625,0.9801149368286133,1162.56005859375,314.635009765625,0.9871383309364319,1308.8760986328125,394.9759216308594,0.9739588499069214,1109.664794921875,477.6439208984375,0.9779404401779175,1189.56884765625,550.2069702148438,0.9490317702293396
339,1280.2467041015625,272.051513671875,0.9752554893493652,1162.6787109375,314.27239990234375,0.9856671094894409,1308.3914794921875,394.73626708984375,0.9735901355743408,1107.1993408203125,476.274169921875,0.9778462648391724,1185.1351318359375,550.5366821289062,0.9410460591316223
340,1280.06201171875,269.8869934082031,0.9771417379379272,1162.91259765625,313.89056396484375,0.9847217798233032,1307.6373291015625,394.55120849609375,0.9752175807952881,1104.6063232421875,474.59503173828125,0.9751527309417725,1181.649169921875,550.9921264648438,0.935692548751831
341,1279.8204345703125,268.7845764160156,0.9804500341415405,1163.0882568359375,313.34869384765625,0.9772417545318604,1307.0965576171875,394.0082092285156,0.9728962779045105,1101.9715576171875,473.37408447265625,0.9838262796401978,1175.9073486328125,550.1015625,0.9248232841491699
342,1280.1263427734375,267.9410095214844,0.9805058836936951,1163.7642822265625,310.7763977050781,0.9807170629501343,1306.761474609375,393.39862060546875,0.9710921049118042,1099.1717529296875,473.17608642578125,0.9857803583145142,1171.5782470703125,549.8994140625,0.9505757093429565
343,1280.209228515625,267.3099365234375,0.9819928407669067,1164.0438232421875,309.9595642089844,0.9842602014541626,1306.087158203125,392.97686767578125,0.9687888622283936,1096.416015625,472.4223327636719,0.97216796875,1168.5343017578125,550.1779174804688,0.9255883693695068
344,1280.9820556640625,266.68402099609375,0.9843483567237854,1164.3826904296875,308.65869140625,0.9874237179756165,1306.7623291015625,392.12078857421875,0.9713314771652222,1094.3765869140625,468.750244140625,0.9760074019432068,1164.6507568359375,550.5746459960938,0.9351316690444946
345,1281.6842041015625,266.2433166503906,0.9855769872665405,1164.713134765625,307.5301513671875,0.9872304201126099,1306.5196533203125,391.617919921875,0.9708369970321655,1092.303466796875,466.9076843261719,0.9717230796813965,1158.736083984375,550.3042602539062,0.9335583448410034
346,1282.61865234375,265.2630920410156,0.9869528412818909,1165.1541748046875,306.6858215332031,0.9885666370391846,1306.166748046875,391.14385986328125,0.9694210886955261,1088.590087890625,466.8972473144531,0.9761910438537598,1155.337646484375,550.2073364257812,0.9442828893661499
347,1282.689697265625,264.39007568359375,0.9903410077095032,1165.43212890625,305.9750061035156,0.9887058734893799,1305.712158203125,390.6247863769531,0.9678057432174683,1085.61669921875,465.2392578125,0.9829070568084717,1151.103515625,550.6356811523438,0.9255173802375793
348,1283.3922119140625,263.61053466796875,0.9920312166213989,1165.9818115234375,305.4189453125,0.9866051077842712,1304.2276611328125,391.2512512207031,0.967115044593811,1083.826416015625,463.39892578125,0.9697383046150208,1147.6568603515625,550.5760498046875,0.9340927600860596
349,1284.0252685546875,263.4482116699219,0.9927101135253906,1166.499267578125,304.7961120605469,0.9844532608985901,1303.7735595703125,391.0247802734375,0.9660851955413818,1081.91845703125,462.54144287109375,0.9726208448410034,1141.620849609375,550.1446533203125,0.9409958124160767
350,1284.541259765625,262.9692077636719,0.9902966022491455,1167.1988525390625,304.20654296875,0.9839500188827515,1303.3038330078125,390.793212890625,0.9703517556190491,1078.3533935546875,459.783935546875,0.9748302698135376,1137.9307861328125,549.6712036132812,0.9309960007667542
351,1284.97119140625,262.66961669921875,0.9896997213363647,1167.508056640625,303.67132568359375,0.9830994606018066,1302.8773193359375,391.2681579589844,0.971914529800415,1076.3641357421875,457.6739501953125,0.9696817398071289,1133.6622314453125,550.4076538085938,0.9322425127029419
352,1285.3389892578125,262.5699462890625,0.9907689690589905,1169.4068603515625,303.50177001953125,0.9818246364593506,1302.4869384765625,391.0275573730469,0.9744269847869873,1073.464599609375,455.7105407714844,0.9610297679901123,1128.059814453125,549.4314575195312,0.923656702041626
353,1285.905517578125,262.1767578125,0.9904884696006775,1169.4334716796875,302.8228759765625,0.9841614961624146,1301.9884033203125,391.22296142578125,0.9778963327407837,1071.349853515625,454.736328125,0.9751907587051392,1123.4395751953125,549.7398681640625,0.9444600343704224
354,1286.3265380859375,262.4413757324219,0.9886168837547302,1169.39892578125,302.5104675292969,0.9846910238265991,1301.4539794921875,391.1028747558594,0.9802554249763489,1068.814208984375,454.35205078125,0.981412410736084,1119.497314453125,549.7500610351562,0.9108216762542725
355,1286.312255859375,262.40484619140625,0.9882698655128479,1169.2911376953125,301.9895935058594,0.9848184585571289,1301.0389404296875,391.08013916015625,0.9803022146224976,1065.5662841796875,452.9960632324219,0.9712789058685303,1116.4693603515625,549.9606323242188,0.9313271045684814
356,1286.52197265625,262.56072998046875,0.9880924820899963,1169.0802001953125,301.93865966796875,0.984450101852417,1300.6192626953125,390.88800048828125,0.9831302165985107,1063.327392578125,451.9036865234375,0.9518499374389648,1110.6773681640625,549.1852416992188,0.934792160987854
357,1286.5450439453125,262.3527526855469,0.9883476495742798,1168.834228515625,301.9775695800781,0.9819278120994568,1300.0904541015625,390.7742614746094,0.9816440343856812,1061.060791015625,450.816650390625,0.9464696049690247,1106.3074951171875,548.7528686523438,0.9420212507247925
358,1286.4781494140625,262.4140930175781,0.9888094663619995,1168.34033203125,301.9375,0.9825994968414307,1299.830322265625,390.7722473144531,0.9816533327102661,1056.5673828125,450.8304748535156,0.9578863978385925,1102.133056640625,549.013427734375,0.9278806447982788
359,1286.27783203125,262.30133056640625,0.9904124736785889,1167.9090576171875,301.7490234375,0.9810675382614136,1299.5693359375,390.6129455566406,0.9779907464981079,1053.4178466796875,449.40576171875,0.9777171611785889,1096.1124267578125,548.4212646484375,0.9316187500953674
360,1286.0950927734375,262.27117919921875,0.990348219871521,1165.9228515625,301.5788269042969,0.9819612503051758,1299.0703125,390.6212463378906,0.9807072281837463,1050.047119140625,447.01361083984375,0.9683878421783447,1091.5931396484375,548.2529907226562,0.9576693177223206
361,1285.74072265625,262.3277587890625,0.9910217523574829,1165.42431640625,301.55584716796875,0.9830963611602783,1298.7774658203125,390.4776611328125,0.9783312082290649,1046.3165283203125,445.3960876464844,0.9632552862167358,1086.5562744140625,548.4762573242188,0.9329474568367004
362,1285.3251953125,262.3995361328125,0.9917189478874207,1164.8656005859375,301.4139404296875,0.9836792945861816,1298.4227294921875,390.3370666503906,0.9781757593154907,1044.20947265625,444.803955078125,0.9644852876663208,1082.7987060546875,548.2471313476562,0.9353607892990112
363,1285.056640625,262.2991027832031,0.9919811487197876,1164.337890625,301.26715087890625,0.9866083860397339,1297.53076171875,389.8929443359375,0.9752373099327087,1039.3948974609375,445.2739562988281,0.9547533392906189,1077.4212646484375,547.8969116210938,0.9546741247177124
364,1284.526611328125,262.0426025390625,0.9927645921707153,1163.6041259765625,300.9570617675781,0.9851727485656738,1296.4581298828125,388.73870849609375,0.9625236988067627,1036.37060546875,444.3971862792969,0.9751461744308472,1073.614990234375,547.2619018554688,0.933215320110321
365,1283.33642578125,261.5010986328125,0.9935101866722107,1162.9111328125,300.5718078613281,0.9831665754318237,1295.128662109375,386.9869689941406,0.9676118493080139,1033.3775634765625,443.6424865722656,0.97905433177948,1069.21435546875,547.9830932617188,0.9484125375747681
366,1282.06005859375,260.51654052734375,0.9933984279632568,1161.8348388671875,300.3247985839844,0.9807614088058472,1292.7841796875,386.0703125,0.965988278388977,1030.1634521484375,442.4114990234375,0.9664512872695923,1063.424072265625,546.809814453125,0.9311333894729614
367,1280.920654296875,259.939453125,0.9928045272827148,1160.6978759765625,300.1429138183594,0.9789525270462036,1291.8583984375,384.5238037109375,0.9624193906784058,1026.0615234375,440.97662353515625,0.9691675901412964,1060.5555419921875,546.7228393554688,0.9493192434310913
368,1279.7410888671875,259.1712646484375,0.9897210001945496,1159.2447509765625,299.55291748046875,0.9862915873527527,1290.770263671875,383.7698974609375,0.9628787636756897,1023.0211181640625,440.4444885253906,0.9842178821563721,1056.61572265625,546.4747314453125,0.9134433269500732
369,1277.6513671875,257.8855895996094,0.9900554418563843,1157.38232421875,298.8986511230469,0.9876194000244141,1288.6776123046875,383.83721923828125,0.9687000513076782,1019.2796630859375,439.6783752441406,0.9887003898620605,1051.187744140625,546.1453857421875,0.9501484632492065
370,1276.5465087890625,257.36456298828125,0.9905701875686646,1155.0020751953125,297.97589111328125,0.9844614267349243,1287.344970703125,382.7358093261719,0.9802483320236206,1015.09033203125,438.5923156738281,0.9661115407943726,1045.16162109375,545.3262939453125,0.9427930116653442
371,1275.501708984375,257.060302734375,0.9921781420707703,1153.5943603515625,297.6802673339844,0.9793834686279297,1286.0640869140625,381.78289794921875,0.9870717525482178,1009.66015625,439.4676818847656,0.9576261043548584,1041.6925048828125,545.2852172851562,0.9301757216453552
372,1273.925048828125,256.5871276855469,0.9905091524124146,1151.9666748046875,297.482177734375,0.9677137136459351,1284.763671875,380.29296875,0.9867433309555054,1006.0840454101562,438.15576171875,0.9767720699310303,1036.9136962890625,544.7819213867188,0.9477867484092712
373,1272.29638671875,256.1487731933594,0.9861832857131958,1148.71533203125,297.1883850097656,0.9703145027160645,1282.843017578125,379.6440124511719,0.9848228096961975,1001.5929565429688,436.7138977050781,0.9714009761810303,1029.9246826171875,544.0191040039062,0.9280993938446045
374,1270.205322265625,255.77133178710938,0.9825233221054077,1147.2806396484375,295.4620056152344,0.9746282696723938,1281.774658203125,378.7532958984375,0.9861491322517395,997.3956909179688,436.62298583984375,0.9545308351516724,1026.9549560546875,543.3952026367188,0.9255688190460205
375,1268.944580078125,255.41400146484375,0.9829311370849609,1145.44140625,294.6318664550781,0.9767248630523682,1280.5693359375,378.1050109863281,0.9805089235305786,992.5676879882812,437.7500915527344,0.9588196277618408,1022.4849243164062,544.2876586914062,0.9365242123603821
376,1266.169921875,254.97605895996094,0.9842345714569092,1143.4027099609375,293.8487243652344,0.9696861505508423,1279.0616455078125,377.7944641113281,0.9683107137680054,987.390380859375,436.554931640625,0.9797674417495728,1018.8673706054688,542.2325439453125,0.9512580633163452
377,1264.170166015625,254.6772003173828,0.9814707040786743,1141.3853759765625,294.10107421875,0.9731281995773315,1276.4725341796875,377.6806335449219,0.9588490128517151,984.0072021484375,435.3805847167969,0.9685652256011963,1012.908203125,541.1898193359375,0.9336733818054199
378,1261.524658203125,254.67294311523438,0.9790582060813904,1139.507080078125,294.1743469238281,0.9698531627655029,1274.0687255859375,377.7230224609375,0.9714997410774231,979.92138671875,434.0849914550781,0.980484664440155,1006.5748291015625,541.66455078125,0.9247889518737793
379,1258.8255615234375,254.88323974609375,0.9823676347732544,1135.7996826171875,294.4554138183594,0.9661444425582886,1271.5662841796875,378.2130126953125,0.9818263649940491,974.2672119140625,435.33258056640625,0.9802818298339844,1003.2273559570312,541.5076904296875,0.9596153497695923
380,1256.4664306640625,255.60464477539062,0.9849928617477417,1133.703369140625,294.87060546875,0.9745457768440247,1269.6827392578125,378.0731201171875,0.9835780262947083,969.2677612304688,434.3817138671875,0.9709285497665405,997.1849365234375,541.07470703125,0.9251605272293091
381,1253.40283203125,256.72357177734375,0.9849258661270142,1131.5574951171875,294.7181396484375,0.9809762239456177,1268.089111328125,378.1279296875,0.9840801358222961,965.72802734375,434.3099670410156,0.9715358018875122,990.60791015625,540.9578247070312,0.9217370748519897
382,1251.1993408203125,256.8319091796875,0.9887701869010925,1129.9119873046875,295.19952392578125,0.9773800373077393,1265.917724609375,378.76123046875,0.9831680059432983,962.6630859375,433.2230224609375,0.9731805324554443,987.63427734375,541.0060424804688,0.9512976408004761
383,1249.097412109375,256.7786560058594,0.9868424534797668,1127.981201171875,296.4428405761719,0.9668130874633789,1260.8709716796875,380.35052490234375,0.964990496635437,959.4029541015625,433.54052734375,0.9762378931045532,982.9296264648438,539.6900024414062,0.9440528154373169
384,1246.677001953125,256.9450988769531,0.9835671186447144,1125.641845703125,296.0361022949219,0.9799605011940002,1258.334716796875,380.731689453125,0.9634419679641724,956.7835693359375,432.01318359375,0.9718886613845825,978.7587280273438,539.5053100585938,0.9142814874649048
385,1243.8946533203125,256.89788818359375,0.986487865447998,1123.1776123046875,296.5466613769531,0.9784706830978394,1255.154541015625,381.0617370605469,0.9780085682868958,954.62646484375,431.78131103515625,0.9619848728179932,974.36962890625,539.6599731445312,0.9160429239273071
386,1241.7752685546875,256.53961181640625,0.9840519428253174,1120.4951171875,296.6866149902344,0.9705120325088501,1252.7105712890625,381.0488586425781,0.9751862287521362,951.2928466796875,429.78936767578125,0.9740753173828125,970.3370361328125,539.5980834960938,0.9407572746276855
387,1239.1209716796875,256.614501953125,0.9824255704879761,1116.446533203125,297.2353820800781,0.9779915809631348,1250.219482421875,380.90435791015625,0.9730877876281738,948.5534057617188,429.66748046875,0.9787243604660034,966.5892944335938,538.668701171875,0.9308457970619202
388,1236.4608154296875,257.0045166015625,0.986270546913147,1114.949951171875,297.3059387207031,0.9801982641220093,1248.3868408203125,381.0149841308594,0.9757399559020996,947.0426635742188,428.552490234375,0.9788913726806641,962.6146850585938,538.1099853515625,0.9239756464958191
389,1234.1436767578125,256.9844970703125,0.9871447086334229,1113.3482666015625,296.916748046875,0.9769437313079834,1244.5882568359375,381.50958251953125,0.9584793448448181,943.8952026367188,427.8231201171875,0.9691845178604126,956.7555541992188,538.3505859375,0.9299425482749939
390,1233.000732421875,256.3297119140625,0.9809818863868713,1111.761962890625,295.9769592285156,0.9714260101318359,1242.295166015625,381.6796569824219,0.9512884616851807,941.055419921875,427.5882263183594,0.9690442681312561,952.6048583984375,538.4277954101562,0.9180117845535278
391,1230.3148193359375,256.5552978515625,0.9776424169540405,1109.205078125,295.8805236816406,0.9829636216163635,1239.941162109375,381.9771728515625,0.9711222052574158,937.4117431640625,427.0504150390625,0.9757064580917358,946.77099609375,536.9805297851562,0.9013370275497437
392,1228.4931640625,256.6208190917969,0.9805096983909607,1107.7281494140625,295.05615234375,0.9768845438957214,1238.1846923828125,381.2322998046875,0.9812449812889099,934.86474609375,425.4164733886719,0.9772612452507019,942.1055908203125,537.2914428710938,0.8831779956817627
393,1226.063720703125,256.1153259277344,0.9794450998306274,1104.032470703125,294.1202087402344,0.9751384258270264,1235.15869140625,380.0849304199219,0.9800959229469299,933.0404663085938,424.6708984375,0.9774619340896606,938.8206176757812,537.074462890625,0.9107455015182495
394,1223.7889404296875,255.37722778320312,0.9783831834793091,1102.117919921875,292.3230285644531,0.9875931739807129,1233.970703125,379.0918884277344,0.9826669692993164,931.0021362304688,424.3587951660156,0.9650849103927612,933.5293579101562,533.0258178710938,0.9027352333068848
395,1221.5433349609375,254.26052856445312,0.9903839826583862,1099.94189453125,290.1767883300781,0.9909220337867737,1232.8160400390625,378.34234619140625,0.980673611164093,929.2813720703125,423.16510009765625,0.9668643474578857,929.3331909179688,532.4290161132812,0.9079357385635376
396,1218.7484130859375,253.6623992919922,0.9907529354095459,1098.0679931640625,288.5773620605469,0.9909507632255554,1231.6412353515625,377.48406982421875,0.9736056327819824,928.0685424804688,422.45550537109375,0.9774469137191772,923.8292236328125,532.2888793945312,0.8996680378913879
397,1216.7955322265625,251.9927978515625,0.9876896142959595,1095.943603515625,287.40216064453125,0.9849389791488647,1230.15283203125,376.2318420410156,0.9533844590187073,927.0650634765625,421.24273681640625,0.9820315837860107,919.45263671875,531.0411987304688,0.8963799476623535
398,1215.430419921875,250.99253845214844,0.9797552824020386,1094.8531494140625,286.6030578613281,0.9885053634643555,1228.529296875,375.23614501953125,0.964104413986206,926.3855590820312,419.62908935546875,0.9820085763931274,915.0537719726562,528.5066528320312,0.921671986579895
399,1212.1475830078125,248.59645080566406,0.9828616380691528,1092.4202880859375,285.74169921875,0.9912434220314026,1227.33056640625,373.8238525390625,0.966058611869812,926.2132568359375,417.9985046386719,0.9807852506637573,910.5939331054688,526.1654052734375,0.8991031050682068
400,1210.874755859375,247.205322265625,0.9864199757575989,1089.8680419921875,285.12957763671875,0.9912763237953186,1226.04833984375,372.4442138671875,0.9663904905319214,927.0673217773438,416.31964111328125,0.9755046367645264,907.5333251953125,524.966796875,0.9422197341918945
401,1209.54541015625,246.07618713378906,0.9890953302383423,1086.87548828125,284.3792724609375,0.9861944913864136,1223.8333740234375,372.5701904296875,0.9690976142883301,929.7096557617188,413.3177795410156,0.9747849106788635,904.7489013671875,523.3966064453125,0.9303264617919922
402,1207.9451904296875,245.4195098876953,0.9865688681602478,1085.0179443359375,283.8704833984375,0.9896349906921387,1223.3404541015625,371.37200927734375,0.9681202173233032,930.690185546875,412.09844970703125,0.9801673293113708,902.6083374023438,521.9927368164062,0.9058252573013306
403,1205.93701171875,245.1705322265625,0.9857497215270996,1083.623046875,283.337646484375,0.9910704493522644,1223.4541015625,370.5056457519531,0.9648522138595581,933.179931640625,409.8695373535156,0.9821013808250427,900.9605102539062,516.2077026367188,0.9294474124908447
404,1204.7296142578125,244.59153747558594,0.9889615774154663,1082.6995849609375,283.3752136230469,0.9907007217407227,1223.50244140625,369.9276123046875,0.9600155353546143,939.203369140625,405.9037170410156,0.9808336496353149,900.8899536132812,510.72210693359375,0.9282022714614868
405,1203.9080810546875,243.7322235107422,0.9907876253128052,1081.7489013671875,283.8970642089844,0.9889382123947144,1224.11376953125,369.5321350097656,0.9530491828918457,944.4924926757812,395.92840576171875,0.9788914918899536,903.2160034179688,506.8211669921875,0.8503549098968506
406,1202.67919921875,243.19471740722656,0.9919016361236572,1081.0330810546875,284.4826965332031,0.9880512952804565,1226.208984375,368.44036865234375,0.943312406539917,951.02734375,389.10858154296875,0.9716869592666626,914.4273071289062,501.25628662109375,0.854324221611023
407,1201.487060546875,243.1952667236328,0.9910426139831543,1080.0784912109375,284.81671142578125,0.9891273379325867,1227.20654296875,368.6383972167969,0.9454049468040466,961.6928100585938,377.5724182128906,0.9816198348999023,927.3984985351562,494.3381042480469,0.8582000732421875
408,1200.1002197265625,243.0003204345703,0.9875829219818115,1079.541259765625,285.10687255859375,0.9893168210983276,1228.016357421875,368.73602294921875,0.9475706815719604,972.7474365234375,370.9515075683594,0.9771696329116821,947.884033203125,490.8883972167969,0.8992800116539001
409,1197.5926513671875,242.6542205810547,0.9852843284606934,1078.751708984375,285.13763427734375,0.9889962077140808,1228.8973388671875,368.552734375,0.9406731128692627,982.4379272460938,367.12677001953125,0.9735491275787354,972.026611328125,486.4849548339844,0.9185507297515869
410,1196.3841552734375,242.16775512695312,0.9862159490585327,1078.0181884765625,285.1182861328125,0.9890627861022949,1228.896484375,366.4688415527344,0.9488366842269897,988.8037719726562,366.0579528808594,0.9761929512023926,1000.726318359375,481.9103088378906,0.9337362051010132
411,1195.3192138671875,241.4429931640625,0.9873561859130859,1077.937744140625,285.5860595703125,0.9884069561958313,1232.0838623046875,365.28033447265625,0.9715423583984375,997.4671630859375,369.6342468261719,0.9767895340919495,1024.623779296875,480.5480651855469,0.9234907627105713
412,1194.036376953125,241.2941436767578,0.9850215911865234,1077.5023193359375,286.2344970703125,0.9883841276168823,1234.017578125,364.0262451171875,0.9822142720222473,1006.5781860351562,377.7374267578125,0.975412130355835,1045.22705078125,479.17584228515625,0.9068400859832764
413,1192.326416015625,241.21514892578125,0.9819198846817017,1076.944580078125,287.659423828125,0.9853686094284058,1236.8101806640625,362.4943542480469,0.9857826232910156,1012.6859741210938,386.13165283203125,0.98070228099823,1063.3131103515625,481.08111572265625,0.9210797548294067
414,1189.7789306640625,242.02883911132812,0.9754499197006226,1076.47265625,289.04693603515625,0.9867942929267883,1239.5323486328125,360.27935791015625,0.9679092764854431,1017.97705078125,397.8402404785156,0.9897357225418091,1078.4195556640625,486.1976013183594,0.9427440762519836
415,1188.931884765625,241.8820343017578,0.9794812202453613,1076.033447265625,290.8999938964844,0.9891688823699951,1242.5870361328125,357.1190490722656,0.9718351364135742,1024.603515625,411.51910400390625,0.988030731678009,1093.8260498046875,491.5094299316406,0.8974364399909973
416,1188.125,241.57382202148438,0.9811151027679443,1075.421630859375,292.42156982421875,0.9873673915863037,1243.81640625,354.2718811035156,0.9627304673194885,1029.5430908203125,425.5727233886719,0.9912552833557129,1109.6961669921875,495.85186767578125,0.9195890426635742
417,1187.3145751953125,241.09738159179688,0.983122706413269,1074.7230224609375,294.5137023925781,0.9792858362197876,1243.8663330078125,350.14166259765625,0.9635307192802429,1037.77392578125,441.641845703125,0.9889159798622131,1126.57421875,501.7860412597656,0.9135228991508484
418,1186.2332763671875,240.73223876953125,0.9834616184234619,1073.353759765625,296.33233642578125,0.9738367795944214,1246.5968017578125,348.14666748046875,0.9597964286804199,1045.7220458984375,454.6849670410156,0.9767793416976929,1139.670166015625,505.9767150878906,0.9044016599655151
419,1185.28076171875,240.77391052246094,0.982529878616333,1072.56689453125,297.37957763671875,0.9804935455322266,1245.0533447265625,347.3424377441406,0.9693927764892578,1053.2623291015625,469.8643493652344,0.9847334623336792,1153.75,510.0028991699219,0.9329023957252502
420,1184.0347900390625,241.1167449951172,0.9758340716362,1071.7640380859375,298.8866271972656,0.9845159649848938,1247.2998046875,346.0491943359375,0.9657440185546875,1065.09033203125,478.1283874511719,0.9779766798019409,1168.232666015625,514.4248046875,0.9042328596115112
421,1182.046630859375,240.98992919921875,0.9824167490005493,1070.0338134765625,300.521728515625,0.9869239926338196,1245.235107421875,346.1706237792969,0.9585928916931152,1074.0157470703125,488.6579895019531,0.9821007251739502,1179.689697265625,519.8109741210938,0.875809907913208
422,1180.8553466796875,241.10153198242188,0.9820785522460938,1069.5565185546875,302.3724060058594,0.9861365556716919,1244.30322265625,346.31951904296875,0.9627653360366821,1084.15087890625,498.2763671875,0.9854150414466858,1188.962646484375,526.9534301757812,0.8788394927978516
423,1179.7659912109375,241.31924438476562,0.9838292598724365,1068.81591796875,303.80078125,0.9900544285774231,1242.7420654296875,347.056396484375,0.9687924385070801,1092.465087890625,504.3485107421875,0.9817652106285095,1197.802490234375,535.1530151367188,0.8648293018341064
424,1177.139404296875,242.04257202148438,0.9853849411010742,1067.8309326171875,305.9397277832031,0.9907733201980591,1241.109375,347.6671142578125,0.9651384353637695,1101.93115234375,508.50433349609375,0.9804940223693848,1205.5716552734375,544.4173583984375,0.9340219497680664
425,1173.031494140625,244.24560546875,0.9867825508117676,1066.223876953125,309.1192932128906,0.9876993894577026,1240.193603515625,348.69793701171875,0.9625846147537231,1108.5394287109375,511.721435546875,0.9705095291137695,1213.655517578125,551.9490966796875,0.920281171798706
426,1171.6842041015625,246.78973388671875,0.9845542907714844,1065.1700439453125,312.9154052734375,0.980323076248169,1239.801513671875,351.5541076660156,0.9559454917907715,1110.2059326171875,513.2902221679688,0.9672154188156128,1212.4586181640625,552.5830078125,0.920952558517456
427,1171.374267578125,248.9536895751953,0.9749602675437927,1064.387939453125,315.2700500488281,0.97913658618927,1238.9334716796875,354.74798583984375,0.9640495777130127,1104.0245361328125,512.9415893554688,0.9761399030685425,1206.840576171875,553.6813354492188,0.9414464235305786
428,1169.9801025390625,251.37884521484375,0.9724522829055786,1063.6395263671875,317.0140686035156,0.9821327924728394,1237.16796875,357.6239013671875,0.9757364988327026,1099.448974609375,512.0048217773438,0.9788520932197571,1202.5858154296875,554.4384765625,0.9280591011047363
429,1168.0738525390625,253.15646362304688,0.9650176763534546,1060.923828125,319.37310791015625,0.9833086729049683,1235.823486328125,359.3343505859375,0.9810526371002197,1095.419921875,509.99072265625,0.9616031646728516,1197.6126708984375,554.3370971679688,0.9235633015632629
430,1165.583740234375,253.53494262695312,0.9679222106933594,1058.4656982421875,320.49176025390625,0.9785416126251221,1233.487060546875,360.90484619140625,0.9766260981559753,1091.473876953125,509.2322692871094,0.9705014228820801,1192.4837646484375,554.7021484375,0.9400894045829773
431,1162.734130859375,255.3321075439453,0.9778976440429688,1054.1656494140625,320.4405822753906,0.9830777645111084,1228.8333740234375,362.4300231933594,0.9651180505752563,1087.316650390625,512.625,0.9784678220748901,1187.7081298828125,554.586669921875,0.9460722208023071
432,1160.610107421875,255.45172119140625,0.975827693939209,1051.2557373046875,320.6398620605469,0.9899038672447205,1225.554443359375,363.0082092285156,0.975600004196167,1083.0968017578125,512.2892456054688,0.9772293567657471,1184.820068359375,555.1448364257812,0.8981326818466187
433,1157.684326171875,254.9539031982422,0.9689449071884155,1048.7008056640625,321.1053466796875,0.9845370650291443,1223.3135986328125,364.06060791015625,0.9712193012237549,1078.87255859375,510.29217529296875,0.965792179107666,1180.669921875,554.9100952148438,0.9305972456932068
434,1155.0186767578125,254.94268798828125,0.9755327105522156,1046.3984375,321.4470520019531,0.9836628437042236,1219.6376953125,364.6114501953125,0.9779636263847351,1074.6434326171875,509.2890625,0.968999981880188,1174.0740966796875,555.1395874023438,0.9509381651878357
435,1152.9154052734375,256.12298583984375,0.9716036915779114,1043.7598876953125,321.5093994140625,0.9847001433372498,1215.8507080078125,364.93658447265625,0.966374397277832,1071.056640625,508.8419494628906,0.9760093688964844,1170.3626708984375,555.0794067382812,0.9316372871398926
436,1149.1337890625,255.94598388671875,0.9793943166732788,1039.1463623046875,320.4330139160156,0.9804391860961914,1210.462646484375,366.13092041015625,0.968097448348999,1066.85546875,509.0333557128906,0.977423906326294,1166.72607421875,554.656494140625,0.9041110277175903
437,1146.6109619140625,255.75450134277344,0.9840444922447205,1036.4774169921875,319.75286865234375,0.9876092672348022,1207.6553955078125,368.47650146484375,0.9519647359848022,1061.9716796875,507.5550537109375,0.9835555553436279,1160.4305419921875,555.2645874023438,0.9314897060394287
438,1144.6478271484375,255.61627197265625,0.9772440791130066,1033.7137451171875,319.0625915527344,0.9869918823242188,1203.4111328125,369.2313232421875,0.9615181088447571,1058.315185546875,506.4888610839844,0.9809674024581909,1155.4466552734375,555.160400390625,0.9422787427902222
439,1141.6492919921875,254.69137573242188,0.9711540341377258,1031.6884765625,319.17095947265625,0.9763838648796082,1198.55224609375,369.19171142578125,0.945698618888855,1055.0079345703125,505.6709289550781,0.9824466705322266,1150.9888916015625,555.1083984375,0.9013890027999878
440,1138.43701171875,254.73675537109375,0.9722059965133667,1028.62060546875,319.35906982421875,0.9827086925506592,1194.432373046875,369.9240417480469,0.953802227973938,1049.6533203125,506.3031921386719,0.9812777638435364,1148.3369140625,554.9546508789062,0.930855393409729
441,1136.539794921875,255.7924346923828,0.9698634147644043,1024.897216796875,318.6346740722656,0.9825354218482971,1191.002685546875,371.9992980957031,0.9678077697753906,1045.3211669921875,504.8212585449219,0.9810906648635864,1142.4547119140625,554.8397216796875,0.9404913187026978
442,1132.729248046875,255.3480682373047,0.9787428379058838,1020.856689453125,317.6646423339844,0.985216498374939,1187.814453125,371.82086181640625,0.9628154039382935,1041.3233642578125,504.3600158691406,0.9772342443466187,1138.4195556640625,554.89794921875,0.9179004430770874
443,1130.4962158203125,255.1298370361328,0.9820636510848999,1019.17333984375,317.2980041503906,0.9869486093521118,1183.8173828125,371.98858642578125,0.9419248104095459,1037.8280029296875,503.733154296875,0.9825908541679382,1133.9052734375,554.3997192382812,0.9174281358718872
444,1127.1534423828125,254.09820556640625,0.9732650518417358,1016.922607421875,317.04168701171875,0.9844845533370972,1178.396240234375,372.4222412109375,0.9566197991371155,1033.8916015625,501.8230285644531,0.9766771197319031,1128.1651611328125,554.696044921875,0.9383721947669983
445,1124.6693115234375,253.11656188964844,0.9718042612075806,1014.7210693359375,316.3675537109375,0.9871445894241333,1174.917724609375,373.8878479003906,0.9645401239395142,1030.1605224609375,500.9610290527344,0.9732246398925781,1124.3792724609375,554.5021362304688,0.9289742708206177
446,1121.8199462890625,252.87603759765625,0.9760239124298096,1011.3817749023438,315.6781921386719,0.9900907874107361,1171.755859375,373.1228942871094,0.9692209959030151,1025.5396728515625,501.1535339355469,0.9789329767227173,1119.5570068359375,554.01025390625,0.8890752792358398
447,1119.529296875,252.038818359375,0.963944673538208,1006.5502319335938,314.79278564453125,0.981781005859375,1168.075927734375,371.85638427734375,0.9318512678146362,1021.9884033203125,499.37933349609375,0.9870287179946899,1116.71142578125,554.2141723632812,0.9106295704841614
448,1115.498779296875,251.2274169921875,0.9798314571380615,1004.3282470703125,314.1468200683594,0.9847750663757324,1164.302978515625,371.2196044921875,0.9192285537719727,1017.680419921875,497.5244445800781,0.9722404479980469,1110.26318359375,554.379150390625,0.9379711747169495
449,1112.8277587890625,249.41934204101562,0.9753477573394775,1002.71044921875,313.7281494140625,0.9856698513031006,1160.19140625,371.32879638671875,0.9400635957717896,1014.254638671875,495.8948669433594,0.966139554977417,1106.6761474609375,554.2347412109375,0.8997607231140137
450,1108.8212890625,248.28805541992188,0.9811160564422607,1000.2685546875,312.26739501953125,0.9708917140960693,1158.749267578125,369.9855041503906,0.9515024423599243,1010.0382690429688,495.11175537109375,0.9672876596450806,1101.03759765625,553.6975708007812,0.9007444381713867
451,1106.8602294921875,247.77560424804688,0.9845691919326782,997.1248779296875,309.46826171875,0.9821485877037048,1156.428466796875,369.2182312011719,0.9475119113922119,1004.9085083007812,492.87353515625,0.9788858294487,1095.909912109375,554.0188598632812,0.9276995062828064
452,1104.6832275390625,247.0135955810547,0.9806223511695862,994.0250244140625,308.20458984375,0.9789811372756958,1152.9864501953125,366.7286376953125,0.9538829326629639,1000.4531860351562,492.29486083984375,0.9734760522842407,1091.16259765625,554.1017456054688,0.9038867950439453
453,1100.995361328125,244.65023803710938,0.9859644770622253,989.9656372070312,305.7898864746094,0.9845407605171204,1147.6815185546875,365.9325256347656,0.9473757743835449,995.9140625,490.8009338378906,0.9845350980758667,1085.7100830078125,552.711669921875,0.8903234004974365
454,1098.5938720703125,243.92942810058594,0.9875835180282593,987.5549926757812,303.9000244140625,0.988661527633667,1144.8927001953125,365.28338623046875,0.9508622884750366,992.2871704101562,490.5154724121094,0.9806559085845947,1083.7918701171875,553.6275634765625,0.9156445264816284
455,1096.3585205078125,243.18215942382812,0.984251856803894,984.8846435546875,303.014404296875,0.9829403758049011,1142.189697265625,364.7714538574219,0.9753543138504028,988.7000732421875,489.6860046386719,0.9837466478347778,1076.3311767578125,553.761474609375,0.9157155752182007
456,1092.223876953125,242.21177673339844,0.9843196868896484,981.6314086914062,300.869140625,0.9883385300636292,1138.673095703125,363.81842041015625,0.9780255556106567,982.2359619140625,489.2597961425781,0.9795850515365601,1073.836181640625,552.4832153320312,0.8825003504753113
457,1089.6754150390625,241.52745056152344,0.9825487732887268,977.385986328125,299.4480285644531,0.9890333414077759,1135.483642578125,363.3620910644531,0.9645247459411621,978.7116088867188,489.2032165527344,0.9841126203536987,1068.330322265625,552.4286499023438,0.9051483869552612
458,1086.2620849609375,240.1694793701172,0.9717110991477966,972.7911376953125,298.07275390625,0.9815818071365356,1130.4779052734375,362.38861083984375,0.9568597078323364,975.1962890625,489.1885070800781,0.9775699377059937,1063.933349609375,553.4254150390625,0.9032621383666992
459,1083.016845703125,239.28431701660156,0.9834309816360474,970.4100341796875,297.5881652832031,0.9842008352279663,1127.178955078125,361.5822448730469,0.9562941193580627,969.6912841796875,488.8870544433594,0.9764040112495422,1058.7928466796875,552.3189697265625,0.896392822265625
460,1078.84130859375,237.4893035888672,0.9837884902954102,967.1622314453125,295.1396179199219,0.9756706953048706,1123.65283203125,360.85260009765625,0.9687176942825317,964.0675048828125,488.34326171875,0.9838211536407471,1053.513916015625,552.08935546875,0.8860461711883545
461,1076.663818359375,237.0288848876953,0.983578622341156,963.0182495117188,293.0343933105469,0.9756428003311157,1120.08984375,360.8322448730469,0.934123694896698,960.4358520507812,488.9086608886719,0.9758230447769165,1051.4097900390625,553.6201782226562,0.9034268856048584
462,1072.5716552734375,236.0097198486328,0.9792174100875854,958.3840942382812,291.8449401855469,0.9792776703834534,1115.011474609375,359.5241394042969,0.9385544061660767,955.7136840820312,488.2533264160156,0.9798847436904907,1043.89990234375,551.9436645507812,0.9071186780929565
463,1068.8948974609375,235.24423217773438,0.9810717105865479,955.1332397460938,290.01300048828125,0.9880517721176147,1110.9801025390625,360.1876220703125,0.9669121503829956,949.3757934570312,487.90753173828125,0.9736862778663635,1038.541259765625,551.9757690429688,0.8703911304473877
464,1065.6783447265625,234.39141845703125,0.9831463098526001,951.9695434570312,289.209716796875,0.9808859825134277,1107.3599853515625,360.1129455566406,0.9709018468856812,945.2353515625,488.0398864746094,0.9744177460670471,1035.332763671875,553.307373046875,0.9031029939651489
465,1062.0498046875,234.07228088378906,0.982559323310852,949.076904296875,288.43017578125,0.9805197715759277,1104.6234130859375,359.18743896484375,0.9457799792289734,941.9990234375,487.7170715332031,0.9798330664634705,1030.095458984375,551.6317749023438,0.8954049944877625
466,1059.987060546875,234.29869079589844,0.9859068393707275,945.3131103515625,287.6849060058594,0.9773241281509399,1100.102783203125,359.274658203125,0.9571515321731567,936.0465698242188,487.569580078125,0.9600083231925964,1025.85986328125,551.6632690429688,0.8848713636398315
467,1057.6494140625,234.08226013183594,0.9835712909698486,941.2605590820312,286.52825927734375,0.984194278717041,1096.1962890625,360.81884765625,0.9532641172409058,932.1840209960938,486.19683837890625,0.9728819131851196,1020.75927734375,551.7991333007812,0.8845769166946411
468,1054.123291015625,233.72059631347656,0.9710869193077087,939.5020141601562,286.3232116699219,0.9855153560638428,1094.291748046875,360.6240234375,0.9679051637649536,927.0955200195312,487.4573669433594,0.9795747995376587,1018.6675415039062,553.7861328125,0.88109290599823
469,1050.6787109375,233.8640899658203,0.9825414419174194,936.9285278320312,286.06866455078125,0.9824967384338379,1091.731689453125,360.2841796875,0.9737293720245361,922.9810791015625,485.11285400390625,0.9809715747833252,1010.9719848632812,551.2590942382812,0.9118102192878723
470,1047.2322998046875,233.65162658691406,0.9823089838027954,935.157470703125,285.5442199707031,0.9842219352722168,1089.6766357421875,359.2279357910156,0.9651637673377991,919.0404663085938,484.2962646484375,0.9702279567718506,1006.1022338867188,551.3777465820312,0.8881964683532715
471,1045.3621826171875,233.15785217285156,0.9844906330108643,931.8403930664062,285.3311462402344,0.9859544634819031,1087.07861328125,359.0588073730469,0.9489869475364685,913.1337280273438,485.3799133300781,0.975131630897522,1002.6521606445312,553.1502685546875,0.9031023979187012
472,1043.2335205078125,232.97035217285156,0.9860594272613525,927.8741455078125,284.81292724609375,0.9789254069328308,1083.184326171875,359.4488525390625,0.9626306295394897,908.5179443359375,482.9993896484375,0.9840008020401001,996.1062622070312,551.1705932617188,0.9183868765830994
473,1040.56591796875,232.92547607421875,0.9815359115600586,924.0730590820312,283.73345947265625,0.9862521886825562,1079.626708984375,359.7413635253906,0.9643697142601013,903.9983520507812,481.4082946777344,0.9645581841468811,990.8894653320312,551.2103881835938,0.9009263515472412
474,1036.4820556640625,231.87127685546875,0.9775919318199158,922.2970581054688,283.76348876953125,0.9795992374420166,1077.1015625,359.5010681152344,0.9774215221405029,900.7880249023438,480.8593444824219,0.9703263640403748,986.9458618164062,551.6868896484375,0.9089196920394897
475,1033.3001708984375,231.83932495117188,0.978891134262085,919.9351196289062,283.4745788574219,0.9814292788505554,1073.942626953125,358.6457214355469,0.9742252826690674,895.1870727539062,482.44024658203125,0.982642650604248,981.3331909179688,550.4844970703125,0.9222609996795654
476,1029.237060546875,231.6996307373047,0.9852266311645508,916.9784545898438,282.86749267578125,0.9881356954574585,1070.2564697265625,358.4654541015625,0.9662294387817383,890.5029296875,479.9520263671875,0.9754812717437744,977.240234375,550.3921508789062,0.9074593782424927
477,1027.5621337890625,231.88526916503906,0.9865917563438416,912.836669921875,282.9676513671875,0.9847650527954102,1066.605224609375,358.80181884765625,0.9703807830810547,886.2169799804688,477.54296875,0.9750502109527588,972.634521484375,551.269775390625,0.9155120849609375
478,1025.0001220703125,231.9650421142578,0.9841919541358948,908.4634399414062,282.90362548828125,0.9829141497612,1062.7099609375,359.9014892578125,0.9789392948150635,882.9136962890625,476.7303466796875,0.9776685237884521,966.8595581054688,550.2949829101562,0.9184671640396118
479,1021.5792846679688,231.3002471923828,0.979552686214447,906.6331787109375,283.07012939453125,0.9852784276008606,1059.4488525390625,359.613037109375,0.9787329435348511,877.3051147460938,477.05633544921875,0.9796059131622314,962.99560546875,550.3988037109375,0.9228823184967041
480,1018.2946166992188,231.18252563476562,0.977607250213623,903.8930053710938,282.2980041503906,0.9851201772689819,1056.50244140625,359.16461181640625,0.9715143442153931,871.8856811523438,476.65289306640625,0.9735196828842163,957.7183837890625,551.10595703125,0.9136443734169006
481,1013.9321899414062,231.61529541015625,0.9808852672576904,899.8895874023438,281.2784118652344,0.9903723001480103,1052.755615234375,359.4920349121094,0.9677364230155945,867.919677734375,475.19580078125,0.9796626567840576,950.9263305664062,550.2393798828125,0.9237204790115356
482,1011.7919311523438,231.72396850585938,0.9880650043487549,895.8959350585938,281.9300537109375,0.9813317060470581,1048.40576171875,360.4725646972656,0.9669414758682251,863.58447265625,474.7312927246094,0.9804791808128357,947.6154174804688,549.981201171875,0.922309160232544
483,1009.7266845703125,232.26747131347656,0.9843916893005371,891.7274780273438,282.140380859375,0.9855706095695496,1045.7742919921875,360.0611877441406,0.9755202531814575,858.8258666992188,474.5751037597656,0.9822961091995239,941.801513671875,550.0410766601562,0.9282277822494507
484,1006.6780395507812,231.48306274414062,0.9751686453819275,889.9171142578125,282.24072265625,0.9800649881362915,1042.6485595703125,359.6877136230469,0.9789248704910278,853.3765869140625,473.703125,0.9799597263336182,935.965087890625,549.9750366210938,0.9106569886207581
485,1003.260986328125,230.9944305419922,0.9831246137619019,886.3530883789062,281.7010803222656,0.9876136183738708,1039.404541015625,359.35638427734375,0.960710883140564,849.7027587890625,473.1938171386719,0.9802291989326477,931.305908203125,549.2384033203125,0.93373703956604
486,998.1015014648438,231.5867156982422,0.9857621192932129,882.0139770507812,281.56549072265625,0.987924337387085,1035.5909423828125,359.8975830078125,0.9694578647613525,846.5247192382812,473.51556396484375,0.9794078469276428,928.536376953125,549.077880859375,0.8998414278030396
487,996.3818359375,232.06382751464844,0.9873436093330383,877.5250854492188,281.88671875,0.976530909538269,1031.556884765625,360.9728088378906,0.9719610214233398,840.734130859375,474.63818359375,0.9776263236999512,923.9703979492188,550.023193359375,0.9300304651260376
488,993.94970703125,232.40908813476562,0.9832231998443604,874.893310546875,281.9420471191406,0.9818361401557922,1029.0650634765625,360.6475524902344,0.9793267250061035,836.1044311523438,473.3553466796875,0.9786549806594849,918.0946655273438,549.3619384765625,0.9307422637939453
489,989.4237670898438,232.02455139160156,0.9781172871589661,873.3388061523438,281.8542785644531,0.9797061681747437,1025.9169921875,360.5785217285156,0.9803413152694702,831.9686889648438,473.22552490234375,0.9774267673492432,913.8534545898438,548.3650512695312,0.91451495885849
490,985.580078125,232.9497528076172,0.9789366722106934,869.6591186523438,281.4595947265625,0.9877302646636963,1022.9921875,361.2580871582031,0.9588639140129089,827.3201904296875,473.13995361328125,0.9819270372390747,908.8782958984375,549.8333740234375,0.9435228705406189
491,981.4490356445312,233.07566833496094,0.9829927086830139,865.5355834960938,282.04083251953125,0.9872297048568726,1017.6088256835938,362.41619873046875,0.9732683300971985,821.603759765625,472.35748291015625,0.9707112312316895,902.3185424804688,549.3958129882812,0.936335563659668
492,979.0438232421875,233.55996704101562,0.9877070188522339,860.9722290039062,282.5400695800781,0.9812295436859131,1014.4078979492188,363.1283874511719,0.9862412214279175,816.819091796875,472.0101318359375,0.9768953323364258,897.6895141601562,548.4749145507812,0.9262919425964355
493,976.1015014648438,234.50489807128906,0.9805172681808472,858.6265258789062,282.96990966796875,0.9841263294219971,1010.0911254882812,363.67559814453125,0.9828256964683533,813.146728515625,472.08673095703125,0.977569043636322,892.6668701171875,549.5335083007812,0.9360978007316589
494,973.4574584960938,235.62890625,0.9742646813392639,855.7022705078125,283.3348388671875,0.9879528284072876,1005.3311157226562,365.03338623046875,0.9683042168617249,808.0101928710938,472.3912048339844,0.9573624134063721,887.902587890625,549.0770874023438,0.9222610592842102
495,969.56787109375,235.594970703125,0.9829986691474915,851.6134643554688,284.1100158691406,0.9909856915473938,1002.0886840820312,365.2093505859375,0.9749648571014404,802.7327270507812,471.4820251464844,0.968080997467041,883.708984375,548.50390625,0.938232421875
496,966.1742553710938,237.4910430908203,0.9856095910072327,845.641845703125,284.4927062988281,0.9831461906433105,999.3964233398438,366.37884521484375,0.9677185416221619,798.7123413085938,472.16864013671875,0.9755674004554749,879.5374755859375,548.9179077148438,0.8920391201972961
497,962.9848022460938,237.3601531982422,0.9851809740066528,842.8090209960938,284.6620788574219,0.9840638637542725,994.5955200195312,367.6109924316406,0.9702268838882446,794.759521484375,470.7352294921875,0.9720674753189087,876.2006225585938,548.903564453125,0.9353010654449463
498,960.0059204101562,239.0395050048828,0.9764909744262695,840.5750122070312,285.68157958984375,0.9818927645683289,991.631103515625,369.03643798828125,0.951905369758606,790.5318603515625,470.21881103515625,0.96297287940979,868.8971557617188,548.2235107421875,0.9358032941818237
499,955.5748901367188,239.96182250976562,0.9886516332626343,837.6798095703125,286.3826599121094,0.9870309829711914,987.7742309570312,369.62042236328125,0.9540560841560364,783.9346923828125,471.05206298828125,0.971939742565155,864.592529296875,547.578857421875,0.911659836769104
500,952.3140258789062,240.81869506835938,0.9849734306335449,833.3569946289062,287.1195068359375,0.979887068271637,983.4542846679688,370.764892578125,0.9616129398345947,779.6947631835938,469.7699279785156,0.9830032587051392,860.117919921875,548.5529174804688,0.9309316873550415
501,948.4924926757812,241.69891357421875,0.9847508668899536,828.8946533203125,286.72869873046875,0.9828408360481262,979.7894287109375,372.6363525390625,0.9776793718338013,775.3568725585938,468.02923583984375,0.9740712642669678,852.90380859375,548.4664916992188,0.9403095245361328
502,945.5948486328125,242.53851318359375,0.989062488079071,825.6536865234375,287.663818359375,0.985217809677124,976.07763671875,373.30999755859375,0.9589952230453491,768.9163208007812,470.1022033691406,0.9746376276016235,848.3411865234375,547.6038818359375,0.9231281876564026
503,941.5394287109375,243.00404357910156,0.9892290830612183,822.0361328125,288.1673889160156,0.9843117594718933,972.236572265625,374.03985595703125,0.9701844453811646,765.237060546875,469.3699951171875,0.9858608245849609,843.56298828125,548.3612060546875,0.9428974390029907
504,938.2579345703125,243.5809783935547,0.9875178337097168,817.8090209960938,288.60150146484375,0.9819875955581665,967.5933837890625,375.02325439453125,0.9754711389541626,760.5191040039062,468.1380310058594,0.9716672897338867,838.6376342773438,548.4240112304688,0.9461424946784973
505,933.1516723632812,244.1572723388672,0.9882128238677979,812.6273803710938,288.1198425292969,0.9889870882034302,964.4400634765625,375.18206787109375,0.9782979488372803,756.7743530273438,467.914306640625,0.9708023071289062,834.6961059570312,547.2767944335938,0.9380958080291748
506,930.783203125,244.6720428466797,0.993213415145874,809.6627197265625,288.5833740234375,0.9875169992446899,960.849609375,375.31939697265625,0.9657365083694458,750.9501953125,469.0075378417969,0.9834913015365601,830.6389770507812,547.9032592773438,0.9131730794906616
507,927.6480102539062,245.26673889160156,0.98690265417099,806.4697875976562,289.5637512207031,0.9840766191482544,956.0628662109375,376.2127685546875,0.9652058482170105,746.5694580078125,467.6565856933594,0.9816082715988159,824.2875366210938,548.5986328125,0.9238532781600952
508,923.8258666992188,245.19029235839844,0.9885600805282593,802.526123046875,289.6678466796875,0.9855444431304932,951.3250732421875,377.8323669433594,0.978217601776123,742.0053100585938,466.4541320800781,0.9716261625289917,818.8868408203125,546.9586181640625,0.9313415288925171
509,918.1918334960938,245.8980712890625,0.9872095584869385,797.2045288085938,289.1332092285156,0.9879925847053528,948.966796875,376.9952697753906,0.9811815023422241,735.4198608398438,466.9600524902344,0.9780745506286621,814.513916015625,547.5928955078125,0.915679395198822
510,915.6153564453125,246.2810821533203,0.9927979707717896,794.38330078125,288.8309631347656,0.9865825772285461,945.732666015625,377.1677551269531,0.9823557138442993,730.1672973632812,466.21954345703125,0.9771879315376282,807.913330078125,546.9439086914062,0.9209517240524292
511,913.2110595703125,246.78457641601562,0.9911390542984009,791.25927734375,289.2763671875,0.9798463582992554,940.6281127929688,377.78363037109375,0.9697476625442505,725.4733276367188,465.7715759277344,0.9731637239456177,803.160888671875,546.7946166992188,0.9432588815689087
512,908.8634033203125,246.54830932617188,0.9869718551635742,787.8838500976562,289.3344421386719,0.9837000370025635,936.4761962890625,378.8124694824219,0.98069828748703,719.1932983398438,466.5059509277344,0.9839422702789307,798.794189453125,547.4097900390625,0.9042437672615051
513,905.935546875,246.88751220703125,0.989181637763977,782.621337890625,289.0694885253906,0.9851821064949036,933.3430786132812,378.18499755859375,0.9829691648483276,713.9075927734375,466.2244873046875,0.9843904376029968,795.0620727539062,547.4814453125,0.9235419034957886
514,901.7025756835938,247.6726531982422,0.9881025552749634,779.537841796875,287.8868408203125,0.9901900291442871,929.4473266601562,378.75726318359375,0.9831640720367432,710.44189453125,465.6379699707031,0.9771333932876587,788.4655151367188,546.650634765625,0.9426060318946838
515,899.6973876953125,248.24667358398438,0.9912039041519165,776.6273803710938,288.3192443847656,0.9873348474502563,925.110595703125,379.3747863769531,0.9731800556182861,704.4378051757812,466.4432678222656,0.9815688729286194,784.9139404296875,546.390869140625,0.9181456565856934
516,896.3855590820312,247.93910217285156,0.9851299524307251,773.4346923828125,288.99615478515625,0.9856287240982056,921.6361694335938,380.021728515625,0.9789333343505859,699.9071655273438,466.2790222167969,0.9833871126174927,780.6732177734375,546.9242553710938,0.9230997562408447
517,893.3148193359375,248.47190856933594,0.984384298324585,770.0736083984375,289.2362365722656,0.979417622089386,918.6878051757812,380.6837158203125,0.9847705364227295,695.844482421875,465.238525390625,0.9723116159439087,774.3084106445312,546.1395263671875,0.9309502243995667
518,891.0487060546875,249.87648010253906,0.9875582456588745,765.8929443359375,289.3226013183594,0.9842097759246826,915.5183715820312,381.1591796875,0.9840631484985352,691.9077758789062,464.302001953125,0.9680157899856567,769.936767578125,546.297119140625,0.9228371977806091
519,887.7553100585938,250.83401489257812,0.9808328151702881,763.8717651367188,289.6394958496094,0.9883913397789001,912.5117797851562,382.8865661621094,0.9679675102233887,686.3758544921875,464.2857666015625,0.9759964942932129,765.1057739257812,546.6725463867188,0.9316352009773254
520,886.312255859375,251.44830322265625,0.9815176129341125,761.9926147460938,290.1209411621094,0.9855042695999146,909.9498901367188,383.7523498535156,0.9504387974739075,681.1024169921875,463.632080078125,0.9713771343231201,757.7520141601562,545.1495971679688,0.9332106113433838
521,884.9442749023438,253.32666015625,0.9836844205856323,760.1876220703125,290.8241882324219,0.9778251647949219,908.5455322265625,385.78045654296875,0.9606271982192993,676.9606323242188,461.6253662109375,0.9787191152572632,753.9246215820312,546.0033569335938,0.9213486313819885
522,883.861328125,255.04031372070312,0.9804307818412781,758.425048828125,291.3265686035156,0.9771728515625,906.412353515625,386.6439514160156,0.9624237418174744,674.107177734375,460.5673828125,0.9778045415878296,749.4632568359375,546.39013671875,0.9209076166152954
523,882.6492919921875,255.66302490234375,0.9776027202606201,757.0684814453125,292.0536804199219,0.9810174107551575,903.75439453125,389.1543884277344,0.9590131044387817,670.3195190429688,459.8773498535156,0.9801387786865234,743.6656494140625,545.4539184570312,0.9007011651992798
524,880.867431640625,257.98162841796875,0.9800854325294495,755.90380859375,292.2499084472656,0.9828745126724243,902.4469604492188,390.7613830566406,0.9751113653182983,666.897705078125,459.9825744628906,0.9851024150848389,739.999755859375,546.0324096679688,0.9277861714363098
525,880.7467651367188,259.0462646484375,0.9861022233963013,755.1168212890625,292.9356689453125,0.9769208431243896,900.6295166015625,392.6156311035156,0.9742467999458313,662.43310546875,458.363525390625,0.9776068329811096,734.3706665039062,546.4573974609375,0.9196799397468567
526,880.5598754882812,260.5957336425781,0.9888888597488403,754.63037109375,293.76202392578125,0.973452091217041,899.0327758789062,393.69482421875,0.9820029735565186,659.6652221679688,456.9413146972656,0.9675407409667969,727.8999633789062,544.7714233398438,0.9223436117172241
527,880.1905517578125,261.49542236328125,0.9887620806694031,754.331298828125,294.2227478027344,0.9685424566268921,897.9115600585938,394.5943298339844,0.980244517326355,655.9671020507812,455.7310485839844,0.9667088985443115,724.6129760742188,544.5302124023438,0.9486246705055237
528,880.4542846679688,262.65594482421875,0.9894760847091675,754.2804565429688,294.5379638671875,0.9687141180038452,896.8675537109375,395.52423095703125,0.9773287773132324,653.7588500976562,454.1737976074219,0.9813474416732788,719.4788818359375,545.715087890625,0.900188684463501
529,880.6707763671875,263.2781066894531,0.9902588725090027,754.6888427734375,294.55352783203125,0.9688048362731934,896.3031616210938,396.29827880859375,0.9754112362861633,650.8148803710938,452.5308532714844,0.9826141595840454,716.075439453125,545.2735595703125,0.9195241928100586
530,881.4329833984375,263.9257507324219,0.9912160634994507,755.5057373046875,294.3320617675781,0.9732846021652222,895.5476684570312,397.0495300292969,0.9665950536727905,647.7161865234375,450.2373046875,0.9710333347320557,710.0960083007812,543.9740600585938,0.9055430889129639
531,882.373291015625,263.9629211425781,0.9915147423744202,755.8570556640625,293.8800048828125,0.9744623899459839,892.9852294921875,397.8037414550781,0.9554845094680786,645.2184448242188,449.4163513183594,0.9732767343521118,706.6740112304688,544.47900390625,0.9071097373962402
532,883.5181884765625,264.69061279296875,0.9902217388153076,756.8544921875,293.6095886230469,0.976900577545166,892.9859619140625,398.0172119140625,0.956393301486969,640.3911743164062,449.5927734375,0.9689803123474121,701.7631225585938,544.5965576171875,0.9197323322296143
533,884.6522216796875,265.002685546875,0.9903935194015503,757.5693969726562,293.19354248046875,0.9795272946357727,892.3129272460938,398.15093994140625,0.9553486704826355,638.6312255859375,448.8227233886719,0.9772014617919922,695.4027709960938,542.9234619140625,0.8996589183807373
534,885.3863525390625,265.48248291015625,0.987944483757019,758.2665405273438,292.8561706542969,0.979200541973114,891.8384399414062,398.2112731933594,0.9529939889907837,636.1864624023438,446.4510803222656,0.9692134857177734,692.4973754882812,542.4722900390625,0.8913961052894592
535,886.13818359375,265.67852783203125,0.9866573810577393,758.9703369140625,292.6383361816406,0.9739694595336914,891.4949951171875,398.44256591796875,0.9553123712539673,634.2025756835938,444.39801025390625,0.9802109003067017,687.7970581054688,543.6187133789062,0.8910082578659058
536,887.61279296875,266.27178955078125,0.980155348777771,760.193115234375,292.80853271484375,0.9767146110534668,891.54248046875,398.7371826171875,0.9558247327804565,632.0911865234375,443.43939208984375,0.9720531702041626,684.013916015625,541.4934692382812,0.9221295118331909
537,889.3012084960938,265.7933349609375,0.9862532615661621,761.1773071289062,292.31011962890625,0.9817731380462646,891.3050537109375,398.9376525878906,0.9499995112419128,628.6829223632812,440.9411926269531,0.967776358127594,678.192138671875,540.9639892578125,0.9052886366844177
538,890.6679077148438,266.667236328125,0.989010214805603,762.2111206054688,292.27850341796875,0.9843431711196899,891.1503295898438,399.2644348144531,0.945904016494751,626.5066528320312,438.7652282714844,0.9655399322509766,673.81201171875,540.7608032226562,0.8854351043701172
539,893.000732421875,267.3368835449219,0.9873542785644531,763.14990234375,292.0403137207031,0.9870811104774475,891.2484130859375,399.6532287597656,0.9453889727592468,622.6136474609375,438.823486328125,0.9800894260406494,668.8612060546875,541.3992309570312,0.895021915435791
540,894.3810424804688,268.755615234375,0.9796350002288818,764.7312622070312,292.33038330078125,0.9852179288864136,892.6063232421875,400.7513122558594,0.949202299118042,620.843017578125,437.65057373046875,0.9829177856445312,662.6797485351562,540.293212890625,0.9047629237174988
541,895.9442749023438,269.98199462890625,0.9833266735076904,765.6032104492188,292.7120056152344,0.9830908179283142,892.5597534179688,401.1892395019531,0.9428900480270386,617.9104614257812,436.0299987792969,0.978996992111206,658.41259765625,539.5682983398438,0.8975648283958435
542,897.6491088867188,272.1100769042969,0.9889094829559326,766.9096069335938,293.1512756347656,0.9766258001327515,893.20263671875,401.6184387207031,0.9426295757293701,614.796875,435.04742431640625,0.9747365713119507,653.4833984375,540.9389038085938,0.9096737504005432
543,898.5809326171875,272.6838684082031,0.9888993501663208,769.61328125,293.26904296875,0.9623510837554932,893.374755859375,402.1618347167969,0.9508213996887207,612.3790283203125,434.47003173828125,0.9756360650062561,647.6989135742188,539.9514770507812,0.90009605884552
544,899.9781494140625,273.69744873046875,0.9876639246940613,770.8406982421875,293.8644714355469,0.9723379015922546,894.1029663085938,402.6225280761719,0.9538193941116333,608.564697265625,434.95159912109375,0.9768427610397339,643.782958984375,539.3348388671875,0.904218316078186
545,901.3953857421875,274.2506103515625,0.9862191677093506,772.4427490234375,294.1529541015625,0.9783058762550354,894.92529296875,403.4175720214844,0.9477906227111816,606.2445678710938,433.3690185546875,0.978805661201477,639.10791015625,539.5791625976562,0.880213737487793
546,903.61279296875,274.4494934082031,0.9843325614929199,773.9596557617188,296.0925598144531,0.9766899347305298,895.90283203125,404.550537109375,0.9585133790969849,603.3079833984375,430.01263427734375,0.9743669033050537,634.0662841796875,539.9752807617188,0.9260839223861694
547,905.941650390625,275.6094665527344,0.990013599395752,775.7716064453125,296.73065185546875,0.9757082462310791,897.2133178710938,405.3032531738281,0.9725813865661621,601.2467041015625,428.488037109375,0.9814896583557129,628.7609252929688,539.0528564453125,0.9009624719619751
548,907.1981811523438,277.72601318359375,0.9893801212310791,777.8943481445312,297.6352844238281,0.9783721566200256,897.920166015625,406.5986633300781,0.9780628681182861,599.7968139648438,427.8044128417969,0.9748406410217285,622.8001708984375,539.380859375,0.8807068467140198
549,910.0158081054688,279.7215270996094,0.981391429901123,779.283447265625,298.3211975097656,0.9811123609542847,898.7714233398438,407.9068908691406,0.9805729389190674,597.1182861328125,426.16802978515625,0.9778562784194946,619.1244506835938,539.8018188476562,0.9301180839538574
550,912.6110229492188,280.6197204589844,0.9859036803245544,781.2438354492188,298.6268615722656,0.9829462170600891,900.1748657226562,408.70355224609375,0.9834516048431396,595.752685546875,424.797607421875,0.9784250259399414,613.4327392578125,538.474853515625,0.9071081280708313
551,915.27685546875,281.8961486816406,0.988111138343811,785.1417846679688,298.67657470703125,0.987354040145874,901.1795043945312,409.33221435546875,0.9838576316833496,593.7081909179688,422.9575500488281,0.9761073589324951,609.106201171875,535.509765625,0.8565688133239746
552,918.223388671875,283.2751770019531,0.9865423440933228,788.740966796875,299.0467224121094,0.99107825756073,902.9848022460938,410.3670654296875,0.9842345714569092,592.6161499023438,423.33209228515625,0.9565670490264893,603.5480346679688,538.594970703125,0.9083027839660645
553,921.1865234375,283.8836669921875,0.9844911098480225,791.8490600585938,299.9237365722656,0.9864206910133362,904.796875,411.08380126953125,0.9772689342498779,590.3182373046875,423.0312194824219,0.9804145097732544,599.1140747070312,537.4662475585938,0.8894189596176147
554,924.2505493164062,285.84820556640625,0.9847992658615112,793.9738159179688,300.0212097167969,0.9842557907104492,906.9236450195312,410.5779724121094,0.9704298973083496,589.6087646484375,421.6810607910156,0.9843508005142212,593.9049682617188,534.7902221679688,0.8811831474304199
555,928.3154907226562,286.09808349609375,0.9858250021934509,795.982666015625,299.8144836425781,0.9877046942710876,907.9362182617188,411.5964050292969,0.9639160633087158,587.9368896484375,420.62298583984375,0.9811161160469055,589.5590209960938,534.3051147460938,0.8967357873916626
556,931.506591796875,286.8484191894531,0.9881319403648376,800.5618286132812,300.1400146484375,0.9891320466995239,911.49658203125,411.3264465332031,0.9726728200912476,586.7596435546875,419.3224792480469,0.9761490821838379,585.6412353515625,534.1356201171875,0.8729941844940186
557,934.6837768554688,287.3766784667969,0.9811226725578308,803.8541870117188,300.48529052734375,0.990936279296875,913.8362426757812,411.0771179199219,0.9807033538818359,584.9458618164062,417.7998962402344,0.959613561630249,579.1094970703125,532.430419921875,0.8972434401512146
558,938.1982421875,288.8683166503906,0.9894696474075317,807.3248901367188,300.3558654785156,0.9886507987976074,914.8374633789062,410.6802062988281,0.9824656844139099,583.4633178710938,414.7244567871094,0.9596867561340332,573.884033203125,532.2967529296875,0.8737062215805054
559,941.2863159179688,289.98614501953125,0.9904727935791016,809.2935791015625,300.77044677734375,0.9833559989929199,917.3847045898438,410.2247009277344,0.9850151538848877,582.1737060546875,414.06781005859375,0.9651015996932983,569.6396484375,529.99755859375,0.8679717183113098
560,944.7747802734375,290.9151916503906,0.9926562309265137,811.7268676757812,300.2608642578125,0.9887702465057373,919.6295776367188,409.945068359375,0.981624186038971,581.9965209960938,413.0072021484375,0.9684223532676697,564.431884765625,526.25537109375,0.8802223801612854
561,948.12744140625,291.16339111328125,0.9924089908599854,816.144287109375,300.8112487792969,0.9828150272369385,922.509033203125,408.72955322265625,0.9692569971084595,582.2552490234375,411.70599365234375,0.9716724753379822,558.2954711914062,524.514892578125,0.8924236297607422
562,952.6439208984375,290.4321594238281,0.9897435903549194,820.0153198242188,300.44927978515625,0.991283655166626,925.2939453125,408.2611083984375,0.9670562744140625,584.4198608398438,411.7293701171875,0.9614453315734863,555.5010375976562,522.1339721679688,0.9017938375473022
563,956.3319702148438,290.89862060546875,0.9905180931091309,823.61865234375,300.014892578125,0.987351655960083,928.1484985351562,407.4924621582031,0.9657070636749268,586.1747436523438,411.22198486328125,0.9703835248947144,550.6992797851562,518.316650390625,0.84330153465271
564,960.7569580078125,291.5695495605469,0.9903008937835693,826.4844360351562,299.4735412597656,0.9893876910209656,930.6143188476562,406.42486572265625,0.9765927791595459,588.6226806640625,410.5531005859375,0.9629618525505066,548.7280883789062,516.8168334960938,0.8864484429359436
565,964.6731567382812,291.2603759765625,0.9904603958129883,828.9837036132812,299.4239196777344,0.9856189489364624,933.0277099609375,405.8684997558594,0.9773366451263428,590.9047241210938,411.0088195800781,0.9467236995697021,546.0050048828125,514.4144897460938,0.9088470935821533
566,969.3709106445312,290.9877624511719,0.9905170798301697,834.3414916992188,298.7720031738281,0.9908038377761841,935.3255004882812,404.8797912597656,0.9673843383789062,593.9342651367188,411.12042236328125,0.9469699859619141,541.97607421875,513.265625,0.9133315086364746
567,973.644287109375,291.7232360839844,0.9867220520973206,838.6424560546875,298.43951416015625,0.9911903738975525,939.0867309570312,404.1138000488281,0.9677852392196655,598.6244506835938,412.1075439453125,0.9607478380203247,540.8314208984375,509.53314208984375,0.9101637601852417
568,978.5938720703125,292.7547302246094,0.9925674200057983,842.0059814453125,298.82904052734375,0.988219141960144,942.8374633789062,403.6914367675781,0.9541269540786743,603.451904296875,414.23248291015625,0.9535330533981323,537.8485717773438,507.4425964355469,0.9224106669425964
569,981.6773071289062,292.883056640625,0.9907106161117554,844.29833984375,299.0456848144531,0.985701322555542,947.249755859375,403.7335510253906,0.9748697876930237,607.13037109375,416.4292297363281,0.9578851461410522,537.8585815429688,506.30078125,0.92936110496521
570,986.687255859375,293.0646667480469,0.9882042407989502,850.253173828125,298.19232177734375,0.9910191297531128,950.0592651367188,404.0221252441406,0.9733882546424866,614.000732421875,418.61920166015625,0.9751059412956238,537.9855346679688,505.9986877441406,0.9088083505630493
571,991.700439453125,294.1278381347656,0.986027717590332,855.3899536132812,298.85626220703125,0.9894446730613708,953.9218139648438,403.6832275390625,0.9638501405715942,618.1202392578125,421.4223937988281,0.9771398305892944,538.4247436523438,502.97210693359375,0.8806224465370178
572,995.7938842773438,295.31866455078125,0.9929418563842773,858.7493896484375,299.52362060546875,0.990555465221405,957.9506225585938,404.61309814453125,0.9617986679077148,622.333740234375,422.8311462402344,0.9700424671173096,538.20166015625,502.0397033691406,0.9018030166625977
573,1000.4343872070312,295.1937255859375,0.9870957732200623,863.8764038085938,300.63629150390625,0.9860413074493408,962.5428466796875,406.3397216796875,0.9751206636428833,627.3882446289062,424.1108703613281,0.9742153286933899,538.36572265625,500.5155029296875,0.9260708093643188
574,1005.1764526367188,296.59234619140625,0.9831725358963013,869.3551635742188,301.4453125,0.9923684597015381,966.0775756835938,406.5524597167969,0.9753758311271667,631.9188232421875,425.8103332519531,0.9653890132904053,539.0531005859375,500.0037841796875,0.9514642357826233
575,1010.1058349609375,296.96636962890625,0.9880466461181641,873.70068359375,301.79376220703125,0.9900357127189636,972.5055541992188,406.2332763671875,0.9674907326698303,636.1065063476562,428.5823059082031,0.9658956527709961,541.6354370117188,498.6824951171875,0.9353221654891968
576,1014.5851440429688,297.298095703125,0.9820799827575684,877.7813110351562,302.9537353515625,0.9918842315673828,977.6019287109375,407.1050720214844,0.9746091365814209,642.1326904296875,428.3022766113281,0.9779658317565918,546.1010131835938,497.9223937988281,0.9207368493080139
577,1019.9954223632812,297.9758605957031,0.9838025569915771,884.661865234375,304.0189514160156,0.9898003339767456,982.2062377929688,408.0650329589844,0.9771606922149658,646.8280639648438,431.07977294921875,0.9641216993331909,549.0292358398438,497.9627685546875,0.9250468015670776
578,1025.7254638671875,297.719482421875,0.9871227741241455,888.7388916015625,304.5382385253906,0.9883182048797607,987.516357421875,407.70794677734375,0.9680274128913879,650.98876953125,432.25128173828125,0.9699276685714722,551.0949096679688,497.2542419433594,0.9357163906097412
579,1029.638916015625,297.3048095703125,0.9858432412147522,892.7723999023438,306.2588806152344,0.9913192987442017,993.4281616210938,408.65264892578125,0.9693294763565063,659.3358764648438,433.4985046386719,0.9806286692619324,553.8618774414062,497.3197937011719,0.9526429176330566
580,1034.0780029296875,296.5249328613281,0.9846047163009644,899.6939697265625,306.4870910644531,0.9886664152145386,997.9886474609375,408.6252136230469,0.9761595129966736,664.4603881835938,433.4609069824219,0.9784393310546875,559.0989379882812,497.4986877441406,0.9286906719207764
581,1039.546142578125,295.8718566894531,0.9830994606018066,903.6083984375,305.4628601074219,0.9861463308334351,1004.3418579101562,407.6153869628906,0.9688507318496704,670.4974975585938,433.56787109375,0.9702821969985962,564.3436889648438,496.03533935546875,0.8868923783302307
582,1043.281494140625,294.7027893066406,0.9947363138198853,907.7611083984375,305.0511474609375,0.9893760681152344,1009.287353515625,407.69732666015625,0.9731125831604004,679.4465942382812,430.3892517089844,0.958935022354126,572.5865478515625,493.2314758300781,0.9315864443778992
583,1047.741455078125,292.01300048828125,0.9902011156082153,911.4556274414062,305.5177307128906,0.9874600172042847,1013.9666137695312,407.1940612792969,0.9800063371658325,688.1361083984375,426.9830322265625,0.9384917616844177,580.75048828125,491.1222839355469,0.9118121266365051
584,1051.8548583984375,291.1896057128906,0.989276647567749,917.0119018554688,304.19378662109375,0.9901756644248962,1020.1093139648438,406.1708679199219,0.9732298851013184,699.2477416992188,422.4496765136719,0.9672940969467163,590.1365966796875,487.17523193359375,0.9282571077346802
585,1055.8890380859375,290.9813537597656,0.989209771156311,920.7593994140625,303.3115234375,0.9910180568695068,1026.29541015625,407.1268310546875,0.975464403629303,709.2232055664062,418.4492492675781,0.9750698804855347,601.5635375976562,484.8218078613281,0.9301515817642212
586,1058.984375,290.5372009277344,0.9941977262496948,923.947021484375,303.35845947265625,0.9930907487869263,1030.59326171875,407.8479919433594,0.9774335622787476,717.3395385742188,413.416748046875,0.9761987924575806,615.924560546875,483.80706787109375,0.9048519134521484
587,1061.878173828125,289.5786437988281,0.9853265285491943,929.3982543945312,303.6982421875,0.9874314069747925,1038.201904296875,408.423828125,0.9555339813232422,730.8059692382812,406.8587951660156,0.9862925410270691,633.1024169921875,479.5553283691406,0.8890429735183716
588,1066.119384765625,289.2294921875,0.9880970120429993,934.0908813476562,303.98358154296875,0.9901087284088135,1043.45361328125,409.818115234375,0.9839239716529846,745.8504638671875,398.29779052734375,0.9718669652938843,653.7276000976562,478.2471923828125,0.9169780015945435
589,1069.4898681640625,289.9447937011719,0.9872775673866272,937.013916015625,305.5559387207031,0.9918627142906189,1048.33544921875,411.9533996582031,0.9770504236221313,761.0037231445312,387.5958251953125,0.9828166961669922,676.1074829101562,476.9418640136719,0.9247734546661377
590,1073.141845703125,290.6492004394531,0.9918867945671082,941.3311157226562,307.3328552246094,0.9910317659378052,1055.3387451171875,413.0237731933594,0.975475549697876,778.5023803710938,378.8504638671875,0.9882389307022095,701.9761352539062,476.4579772949219,0.9375545382499695
591,1076.2803955078125,291.2156066894531,0.9913414120674133,947.0671997070312,307.9433288574219,0.986095666885376,1059.660400390625,414.8412780761719,0.9696470499038696,796.2157592773438,373.9945068359375,0.9813262224197388,732.6807250976562,477.28863525390625,0.9519351720809937
592,1079.884521484375,290.1149597167969,0.9838995933532715,950.9308471679688,307.6349182128906,0.9848980903625488,1066.4329833984375,416.2709655761719,0.9427610635757446,814.0916748046875,369.8008117675781,0.9808887839317322,766.2914428710938,478.8076477050781,0.9598116874694824
593,1083.2952880859375,290.464111328125,0.9869235754013062,955.0570678710938,307.6267395019531,0.9899317026138306,1071.0865478515625,417.6690673828125,0.9521907567977905,829.642822265625,365.1007385253906,0.9822525978088379,799.1888427734375,480.483642578125,0.9222286343574524
594,1087.3450927734375,291.5404052734375,0.985181450843811,958.5474853515625,307.299072265625,0.98978191614151,1076.198974609375,418.7116394042969,0.9783762693405151,841.3642578125,364.0979919433594,0.9837178587913513,826.8002319335938,481.3957824707031,0.8957595825195312
595,1089.759765625,291.42816162109375,0.9930102825164795,964.5550537109375,306.4010925292969,0.9891899824142456,1081.951904296875,418.00341796875,0.9568804502487183,852.5050048828125,364.1252136230469,0.9896788001060486,848.0560913085938,481.8513488769531,0.8350614905357361
596,1092.7777099609375,291.55914306640625,0.9897801280021667,968.8776245117188,306.4034423828125,0.9869341850280762,1087.322998046875,418.2464904785156,0.948215663433075,862.0231323242188,368.7745361328125,0.9837634563446045,869.1843872070312,481.97711181640625,0.8567322492599487
597,1096.710693359375,289.8539733886719,0.9848127961158752,972.1727905273438,306.089599609375,0.9916936755180359,1093.3988037109375,416.81280517578125,0.9660605788230896,870.426025390625,373.2125549316406,0.9773091077804565,886.4451293945312,484.5945129394531,0.8524088859558105
598,1099.67822265625,289.9512634277344,0.9878593683242798,975.4049072265625,306.5522155761719,0.9863258600234985,1098.248046875,415.5332336425781,0.939576268196106,877.098876953125,380.23553466796875,0.9735862016677856,902.8991088867188,486.9540100097656,0.8700594902038574
599,1101.9849853515625,290.6004638671875,0.9859034419059753,979.9327392578125,305.9511413574219,0.988823652267456,1105.2247314453125,414.1916198730469,0.958816409111023,883.77392578125,388.85089111328125,0.9685415029525757,920.9083251953125,490.1771240234375,0.896882951259613
600,1105.46875,290.9192199707031,0.990559995174408,982.7868041992188,305.6329040527344,0.9869577288627625,1110.3543701171875,412.49908447265625,0.9813743829727173,887.8305053710938,396.4699401855469,0.9790599346160889,934.5919799804688,494.59002685546875,0.9235317707061768
601,1108.93310546875,290.27679443359375,0.9865548610687256,986.1109008789062,304.93524169921875,0.9903051257133484,1114.5323486328125,411.2564697265625,0.9486364126205444,892.0401611328125,406.5048522949219,0.9821683168411255,950.3551635742188,499.3129577636719,0.9321000576019287
602,1113.0777587890625,289.0694885253906,0.9872604012489319,989.1475219726562,305.9679260253906,0.9922701120376587,1121.0072021484375,408.5393371582031,0.960608720779419,899.3480834960938,413.48736572265625,0.9814285039901733,964.4622192382812,502.3399353027344,0.9311604499816895
603,1116.96875,289.44464111328125,0.9896094799041748,994.3712158203125,306.1103515625,0.9854217767715454,1124.4942626953125,406.38177490234375,0.9493037462234497,903.9945068359375,421.82867431640625,0.9731799364089966,975.8451538085938,506.38031005859375,0.8964366912841797
604,1121.2999267578125,289.481689453125,0.9897012710571289,997.6296997070312,306.2559509277344,0.9881908893585205,1129.6240234375,404.0747375488281,0.8896377086639404,910.1768798828125,432.09478759765625,0.9730246067047119,985.0098266601562,511.41717529296875,0.9204790592193604
605,1124.3751220703125,288.9622497558594,0.9840382933616638,1001.268798828125,305.78155517578125,0.9878818392753601,1135.9420166015625,402.25567626953125,0.8511664867401123,917.4353637695312,437.88238525390625,0.9766762256622314,996.4986572265625,514.962890625,0.9154267311096191
606,1128.8612060546875,287.9600830078125,0.9784325361251831,1004.4705200195312,305.7622985839844,0.9917069673538208,1139.7265625,399.4150695800781,0.9367890357971191,921.6658935546875,447.6031494140625,0.9707662463188171,1006.7505493164062,519.6232299804688,0.8534393310546875
607,1132.295654296875,286.2900390625,0.978744626045227,1007.7415771484375,306.4381408691406,0.9852941036224365,1144.2188720703125,396.8158874511719,0.9438260793685913,930.7542724609375,451.3257751464844,0.9739978313446045,1017.6860961914062,520.9683837890625,0.9095081686973572
608,1134.5159912109375,285.0244445800781,0.9715943336486816,1012.3847045898438,306.44635009765625,0.9890012741088867,1148.118408203125,396.11663818359375,0.900006890296936,937.6408081054688,458.0198669433594,0.9702573418617249,1026.8270263671875,522.7898559570312,0.9222747683525085
609,1137.2803955078125,284.66046142578125,0.9806663990020752,1015.7242431640625,305.7579345703125,0.9812698364257812,1151.297119140625,394.33453369140625,0.8949859142303467,942.193603515625,460.9434509277344,0.9697474837303162,1034.1627197265625,523.0911254882812,0.9020795226097107
610,1140.160888671875,284.0207824707031,0.9850520491600037,1018.5279541015625,304.1643981933594,0.9898535013198853,1154.889892578125,392.42144775390625,0.9225186705589294,947.5545043945312,460.76025390625,0.9803321957588196,1040.9698486328125,522.9730834960938,0.9138283729553223
611,1142.788330078125,284.0894775390625,0.9834586977958679,1021.0650634765625,304.3072814941406,0.9911552667617798,1157.69580078125,391.9222717285156,0.9306516051292419,950.9984130859375,459.5684509277344,0.9782885313034058,1044.4713134765625,522.3848266601562,0.909885048866272
612,1144.925048828125,283.4992370605469,0.9786859750747681,1023.5120849609375,304.60308837890625,0.9855848550796509,1162.004150390625,392.54766845703125,0.9259040951728821,955.4461669921875,458.0179748535156,0.9781891107559204,1046.3240966796875,519.755615234375,0.9014574885368347
613,1147.5064697265625,284.7062072753906,0.9807405471801758,1027.9146728515625,304.9191589355469,0.9866464138031006,1165.1488037109375,393.1220703125,0.9141067862510681,957.0285034179688,452.63311767578125,0.984458327293396,1047.1473388671875,515.6979370117188,0.8930824995040894
614,1149.271240234375,285.4440612792969,0.9725738167762756,1030.0311279296875,305.5804748535156,0.9864034652709961,1169.002197265625,392.8031311035156,0.9359513521194458,959.059326171875,449.76519775390625,0.9775267839431763,1051.1754150390625,512.81005859375,0.8812549710273743
615,1152.2935791015625,288.01800537109375,0.9641690254211426,1031.8175048828125,306.43756103515625,0.9840609431266785,1171.186767578125,393.3058776855469,0.9692870378494263,961.8282470703125,444.3123779296875,0.9798545837402344,1050.967041015625,509.42071533203125,0.9256957769393921
616,1153.575439453125,289.8067932128906,0.9833293557167053,1032.93896484375,307.6504211425781,0.9874922633171082,1173.474365234375,394.5687255859375,0.9736513495445251,963.08203125,440.80303955078125,0.979447603225708,1047.6568603515625,508.9905700683594,0.922063946723938
617,1154.9503173828125,291.44195556640625,0.9881246089935303,1034.3712158203125,309.70977783203125,0.9868142604827881,1175.2730712890625,396.52142333984375,0.9695758819580078,964.0977783203125,440.5143737792969,0.9805103540420532,1047.1424560546875,514.7699584960938,0.9104318618774414
618,1155.6617431640625,293.29840087890625,0.9911330342292786,1035.614501953125,311.7100830078125,0.9814379811286926,1175.5157470703125,401.3060302734375,0.9314100742340088,964.2861328125,443.78057861328125,0.9889683723449707,1044.6268310546875,523.4722900390625,0.9294816255569458
619,1156.9725341796875,294.37939453125,0.989495038986206,1036.4825439453125,314.34881591796875,0.9848535656929016,1176.071533203125,404.39093017578125,0.9424864053726196,965.2557983398438,449.8351135253906,0.9763807654380798,1041.94189453125,535.480224609375,0.8702112436294556
620,1157.7490234375,296.7618103027344,0.9827669858932495,1038.42236328125,316.0938720703125,0.9842079877853394,1176.3177490234375,407.1734924316406,0.9530240893363953,964.3032836914062,456.43792724609375,0.9724204540252686,1031.7713623046875,544.3050537109375,0.9074413180351257
621,1161.447265625,300.2065734863281,0.9788665771484375,1042.2325439453125,318.8465576171875,0.987804651260376,1176.320556640625,411.8793029785156,0.9779319763183594,962.6495971679688,457.9707946777344,0.9750507473945618,1024.9755859375,547.9559326171875,0.8969807624816895
622,1163.16943359375,304.7636413574219,0.9826962947845459,1043.1234130859375,322.86041259765625,0.9865798950195312,1174.7667236328125,417.6019287109375,0.9553003311157227,959.4817504882812,457.5007629394531,0.9624481797218323,1019.2052612304688,548.3040161132812,0.903539776802063
623,1163.771484375,307.35406494140625,0.9902666807174683,1044.367431640625,328.5887756347656,0.9823309183120728,1175.4481201171875,424.6875305175781,0.97190260887146,957.6058349609375,454.4228820800781,0.981238603591919,1012.6658935546875,546.7881469726562,0.9368594884872437
624,1165.463623046875,311.7857360839844,0.9809508323669434,1047.00146484375,332.9817810058594,0.9891319274902344,1175.1658935546875,431.37420654296875,0.9688083529472351,955.9577026367188,452.5186767578125,0.9832032918930054,1009.211669921875,547.6429443359375,0.8971316814422607
625,1168.112060546875,317.2319641113281,0.9762560725212097,1047.537841796875,336.87188720703125,0.9837943315505981,1174.75146484375,438.26934814453125,0.9745680689811707,953.8858642578125,450.7270812988281,0.9767758846282959,1003.9273071289062,547.699462890625,0.9215086698532104
626,1170.180908203125,322.13446044921875,0.9867453575134277,1048.755859375,341.1244201660156,0.9842113256454468,1175.304931640625,444.0186767578125,0.9837430119514465,951.5712890625,449.2005920410156,0.9704619646072388,997.9992065429688,546.9677124023438,0.9342747926712036
627,1171.9639892578125,325.1286315917969,0.9921080470085144,1050.864501953125,346.24481201171875,0.9856932759284973,1175.5640869140625,448.5226745605469,0.9582688808441162,949.5332641601562,448.6152038574219,0.9741291999816895,994.6055297851562,547.1273193359375,0.9237406253814697
628,1173.903564453125,328.0448913574219,0.9836660623550415,1052.0535888671875,347.9952392578125,0.9895805716514587,1178.3597412109375,453.17987060546875,0.9646012783050537,947.2089233398438,448.26239013671875,0.9731622934341431,988.6187744140625,547.8451538085938,0.9179511070251465
629,1176.731201171875,330.4427490234375,0.9883915185928345,1054.95166015625,350.384033203125,0.9848779439926147,1178.421875,458.03179931640625,0.9587028622627258,943.4042358398438,449.03619384765625,0.9769176840782166,982.6031494140625,546.8541870117188,0.9360867738723755
630,1179.0189208984375,332.95025634765625,0.990041971206665,1058.989501953125,351.8208312988281,0.9857482314109802,1178.7501220703125,461.2358093261719,0.9643840789794922,940.445068359375,447.75213623046875,0.9700554609298706,979.6011962890625,546.755615234375,0.9362143278121948
631,1181.0030517578125,335.58428955078125,0.9875824451446533,1060.96142578125,353.2142333984375,0.9888283014297485,1179.4705810546875,462.25384521484375,0.9655716419219971,935.3317260742188,445.7774353027344,0.9692225456237793,973.5020751953125,547.46240234375,0.909569263458252
632,1183.9031982421875,337.13104248046875,0.9840997457504272,1062.658203125,354.03759765625,0.9859294891357422,1180.696044921875,463.1025695800781,0.9538244009017944,932.8408813476562,444.5372009277344,0.9860138297080994,967.4024047851562,546.0004272460938,0.9227190017700195
633,1186.9981689453125,338.01104736328125,0.9897114634513855,1064.48388671875,354.4757995605469,0.9868943691253662,1183.1700439453125,464.24322509765625,0.9496574401855469,930.8179931640625,444.51507568359375,0.9793117046356201,964.8009033203125,546.53857421875,0.9473056793212891
634,1189.3096923828125,337.76739501953125,0.9829481244087219,1066.676025390625,353.9965515136719,0.9902404546737671,1184.672607421875,464.0802001953125,0.9582237005233765,928.3502807617188,443.7027587890625,0.9669244885444641,960.7911987304688,546.8189697265625,0.9023445844650269
635,1192.791015625,336.6575012207031,0.986508309841156,1068.58447265625,354.0116271972656,0.9910565614700317,1186.16259765625,463.42877197265625,0.9685674905776978,925.0225830078125,444.0184020996094,0.9722667932510376,956.2338256835938,547.2269897460938,0.9161101579666138
636,1195.2379150390625,337.3120422363281,0.9885624647140503,1070.515380859375,353.6627502441406,0.9864513874053955,1188.642333984375,462.28936767578125,0.9755775928497314,919.9827270507812,443.5824890136719,0.9715135097503662,950.6752319335938,545.9580688476562,0.9237695932388306
637,1200.1651611328125,338.2668151855469,0.9828420877456665,1074.843017578125,352.2650451660156,0.9865022897720337,1190.615234375,461.6572265625,0.9798873662948608,917.2704467773438,442.6884460449219,0.9845190048217773,947.0856323242188,546.444091796875,0.9314738512039185
638,1202.8157958984375,337.29693603515625,0.9870293140411377,1077.5103759765625,351.38067626953125,0.9878755211830139,1192.9676513671875,461.14703369140625,0.97181236743927,914.9435424804688,441.43988037109375,0.9840432405471802,942.5130004882812,546.3168334960938,0.9091525673866272
639,1208.3526611328125,336.3033752441406,0.9831438660621643,1080.3114013671875,350.2664794921875,0.981000542640686,1195.672607421875,459.75079345703125,0.9722606539726257,912.2323608398438,441.0015869140625,0.9789313077926636,935.6868286132812,545.4429931640625,0.908231258392334
640,1211.0882568359375,336.423095703125,0.9895108938217163,1082.8995361328125,348.4448547363281,0.9862757325172424,1200.7235107421875,458.7442626953125,0.9786391258239746,910.398193359375,440.6441955566406,0.9819711446762085,931.95068359375,545.2073364257812,0.9391331672668457
641,1214.028564453125,336.23236083984375,0.9836848378181458,1085.5279541015625,348.3394470214844,0.9853292107582092,1202.1605224609375,458.1585998535156,0.9828155636787415,907.5416259765625,438.86700439453125,0.9858407974243164,926.6666259765625,544.9353637695312,0.9226372838020325
642,1217.1650390625,336.95135498046875,0.9891939163208008,1090.859130859375,347.2898864746094,0.9909040331840515,1204.5740966796875,457.5505065917969,0.9846920371055603,906.5435180664062,436.9874572753906,0.9838287830352783,923.3748779296875,545.0484619140625,0.902191698551178
643,1220.5250244140625,336.1545715332031,0.9785280227661133,1095.5072021484375,345.67755126953125,0.985706090927124,1206.716552734375,457.10662841796875,0.9821666479110718,902.9982299804688,435.24951171875,0.972415566444397,918.0734252929688,543.8148193359375,0.9185793399810791
644,1224.900390625,335.91192626953125,0.9848109483718872,1098.6175537109375,345.9248046875,0.9822801351547241,1208.4091796875,456.6209716796875,0.9710730314254761,901.4170532226562,435.5674743652344,0.9690786004066467,913.3193969726562,543.8724365234375,0.892282247543335
645,1228.48828125,335.2257080078125,0.9855507016181946,1101.3355712890625,345.5107727050781,0.9791455864906311,1212.58984375,454.5847473144531,0.9726219177246094,900.3986206054688,433.9053955078125,0.9613044857978821,909.444580078125,543.765869140625,0.9190473556518555
646,1232.8533935546875,334.1657409667969,0.983383297920227,1106.0330810546875,343.97918701171875,0.9813365936279297,1215.60107421875,453.75579833984375,0.9652830362319946,899.3043212890625,432.8628845214844,0.9723367691040039,906.174072265625,544.5654296875,0.9009838104248047
647,1236.750732421875,333.3330078125,0.9882614016532898,1110.1697998046875,341.569091796875,0.9846085906028748,1217.7864990234375,453.14752197265625,0.9764958620071411,898.4415893554688,430.1898193359375,0.9673396348953247,899.9325561523438,542.9561157226562,0.920725405216217
648,1239.821044921875,334.025390625,0.979095458984375,1112.901611328125,340.48565673828125,0.9871626496315002,1219.709228515625,451.42755126953125,0.97369784116745,897.35791015625,429.244140625,0.9642491340637207,894.478515625,542.2274780273438,0.8964016437530518
649,1244.88671875,333.5737609863281,0.9822438955307007,1116.4586181640625,340.3327941894531,0.9900310635566711,1221.7041015625,450.3052673339844,0.9641343355178833,897.2711181640625,428.5518493652344,0.9663233757019043,891.3657836914062,541.3491821289062,0.9402816295623779
650,1248.5775146484375,333.4143981933594,0.980254054069519,1119.5074462890625,340.2517395019531,0.9839494228363037,1223.0244140625,448.8177795410156,0.9514418840408325,895.0996704101562,428.5658264160156,0.9635013937950134,888.8468017578125,541.1148681640625,0.8961664438247681
651,1252.1328125,333.2721252441406,0.9832894802093506,1124.41796875,338.59991455078125,0.9862873554229736,1226.2198486328125,448.1300354003906,0.939577579498291,894.0452270507812,428.2085266113281,0.9652327299118042,883.4360961914062,539.9558715820312,0.8931183218955994
652,1254.3900146484375,333.45233154296875,0.9836556911468506,1126.837646484375,337.9664306640625,0.9836600422859192,1226.294677734375,446.7778625488281,0.9367274641990662,893.02099609375,427.830078125,0.9678125381469727,877.8748779296875,538.7492065429688,0.8817094564437866
653,1258.7529296875,333.5843505859375,0.9834353923797607,1129.3529052734375,337.0164489746094,0.9888452887535095,1227.5928955078125,446.0728759765625,0.9371922612190247,892.1914672851562,427.4753112792969,0.9698914289474487,873.8798217773438,538.155029296875,0.9051780700683594
654,1261.497802734375,333.8444519042969,0.9795655012130737,1131.873291015625,336.77105712890625,0.9911420345306396,1231.8675537109375,445.829345703125,0.9575656652450562,891.4933471679688,427.2425537109375,0.9685067534446716,870.3169555664062,537.5466918945312,0.8992003202438354
655,1264.3714599609375,334.5355529785156,0.9788267612457275,1133.8355712890625,336.1268310546875,0.9893956184387207,1233.140380859375,445.32928466796875,0.9660756587982178,891.9063720703125,426.60870361328125,0.9715831279754639,865.3465576171875,532.9652099609375,0.8823952674865723
656,1266.1673583984375,335.87872314453125,0.9819623231887817,1135.7789306640625,336.351318359375,0.9843993186950684,1233.28271484375,445.1586608886719,0.9671471118927002,892.7807006835938,426.2471618652344,0.9710472822189331,861.0643310546875,531.2463989257812,0.9266512393951416
657,1268.6697998046875,336.3415222167969,0.9776052236557007,1139.8480224609375,335.7581787109375,0.9864406585693359,1233.7784423828125,445.3320617675781,0.9680991768836975,894.1936645507812,425.64923095703125,0.9684423208236694,859.64208984375,529.041015625,0.9301865100860596
658,1271.6883544921875,336.99932861328125,0.975562572479248,1141.534423828125,334.9114990234375,0.9850205183029175,1234.6917724609375,444.96807861328125,0.9669298529624939,895.7804565429688,425.9781188964844,0.9655026197433472,855.6986083984375,526.4220581054688,0.9060288667678833
659,1273.806884765625,337.6977233886719,0.9865908622741699,1143.1395263671875,335.5256652832031,0.9813792705535889,1235.6993408203125,444.71649169921875,0.971409797668457,897.5870971679688,425.8521423339844,0.9654573202133179,851.0279541015625,523.9363403320312,0.9281133413314819
660,1275.679443359375,338.04144287109375,0.987234890460968,1144.6058349609375,335.45794677734375,0.9858572483062744,1237.7781982421875,444.7442932128906,0.9648383259773254,899.8842163085938,427.4877014160156,0.9667525291442871,846.1814575195312,523.7222290039062,0.8971030712127686
661,1278.087158203125,339.215087890625,0.9792803525924683,1145.5616455078125,336.1157531738281,0.9893922209739685,1239.351318359375,445.0717468261719,0.953050971031189,903.74267578125,429.21905517578125,0.9680154323577881,845.2157592773438,521.8743896484375,0.907136082649231
662,1280.5848388671875,340.79058837890625,0.9842796325683594,1146.644287109375,337.9002990722656,0.990174412727356,1239.857666015625,446.176513671875,0.941376805305481,906.9947509765625,431.5721435546875,0.9610227346420288,841.4737548828125,521.0923461914062,0.9194468259811401
663,1282.4818115234375,342.2601318359375,0.9874805212020874,1148.4542236328125,340.35455322265625,0.9901357889175415,1243.858642578125,448.6905822753906,0.9494166374206543,910.6166381835938,435.6978454589844,0.9759432077407837,838.1818237304688,516.9390258789062,0.9369796514511108
664,1284.172607421875,344.2802429199219,0.9824440479278564,1150.669677734375,343.5210876464844,0.9774388074874878,1245.54931640625,450.7566833496094,0.9593013525009155,914.5567626953125,439.8648681640625,0.9677616357803345,834.4940185546875,513.9874877929688,0.9334686994552612
665,1286.481689453125,345.7528381347656,0.9774430990219116,1154.30029296875,345.2883605957031,0.9889217019081116,1249.2655029296875,454.2176818847656,0.9742889404296875,915.5933227539062,443.1295471191406,0.9798082113265991,832.7321166992188,512.7454833984375,0.9284378290176392
666,1289.18994140625,346.7878723144531,0.9816352128982544,1157.2515869140625,347.48895263671875,0.9920953512191772,1252.5601806640625,456.1418762207031,0.9813612699508667,917.9599609375,446.0113830566406,0.9652166366577148,830.4650268554688,513.0220336914062,0.9301835298538208
667,1291.8720703125,349.5098571777344,0.9860721826553345,1159.6693115234375,349.76849365234375,0.9875273108482361,1254.421142578125,457.59332275390625,0.9705062508583069,921.2172241210938,448.57879638671875,0.9689233899116516,827.4862670898438,512.567626953125,0.9550491571426392
668,1294.28857421875,352.6449890136719,0.9796494245529175,1161.6524658203125,351.2663269042969,0.9896869659423828,1257.0853271484375,458.7265319824219,0.9578490257263184,923.4539184570312,450.06854248046875,0.9792128801345825,826.1639404296875,511.44659423828125,0.9433226585388184
669,1296.9385986328125,353.6126708984375,0.985429048538208,1163.279296875,354.2558288574219,0.9882055521011353,1258.4254150390625,460.5980529785156,0.9510377645492554,925.9326171875,451.9132385253906,0.9775989055633545,826.9935913085938,511.7662658691406,0.938866913318634
670,1298.378173828125,354.889404296875,0.9874061346054077,1165.2435302734375,358.0649108886719,0.9839918613433838,1260.1993408203125,462.2626037597656,0.9438753128051758,932.3943481445312,452.7706298828125,0.969580888748169,827.23291015625,511.2732238769531,0.9264817833900452
671,1300.197021484375,355.96148681640625,0.985903799533844,1168.454833984375,360.5986022949219,0.9799160957336426,1262.2430419921875,463.6205749511719,0.9351110458374023,933.3565673828125,455.1226806640625,0.965923547744751,827.5642700195312,510.23016357421875,0.9135655164718628
672,1301.51220703125,356.6744384765625,0.9834383726119995,1171.614501953125,362.1831970214844,0.9911155700683594,1267.0,466.89166259765625,0.9643005132675171,934.3560180664062,456.3360595703125,0.9667494297027588,826.95703125,510.27191162109375,0.9030754566192627
673,1304.3779296875,356.35125732421875,0.9844906330108643,1174.631103515625,363.733154296875,0.9907945990562439,1269.033935546875,467.88836669921875,0.9694904088973999,938.4782104492188,458.8019714355469,0.965451717376709,826.495849609375,510.13787841796875,0.8957879543304443
674,1306.1669921875,357.0257263183594,0.9856942892074585,1176.6285400390625,364.8771667480469,0.9861798286437988,1270.9674072265625,467.9446716308594,0.9660839438438416,941.0947265625,459.85809326171875,0.9625755548477173,827.8602294921875,509.866455078125,0.8863198757171631
675,1308.5032958984375,357.57879638671875,0.9853349924087524,1178.492431640625,365.4994812011719,0.9922232627868652,1274.1357421875,468.0893859863281,0.9682231545448303,942.3677978515625,460.39642333984375,0.9661347270011902,828.9122924804688,510.2566223144531,0.8709728717803955
676,1309.778564453125,357.24761962890625,0.9834244251251221,1180.317138671875,366.5917053222656,0.9947816133499146,1276.5057373046875,468.48504638671875,0.9679784774780273,946.1328735351562,460.0109558105469,0.9689203500747681,831.7009887695312,510.82427978515625,0.7426369786262512
677,1312.4700927734375,357.0741271972656,0.9871391654014587,1183.034912109375,367.3514099121094,0.9933838248252869,1280.3797607421875,468.6495666503906,0.9679349660873413,950.7713623046875,460.9921569824219,0.9760194420814514,836.0889892578125,511.389892578125,0.8385270833969116
678,1314.46923828125,356.0869140625,0.9902405142784119,1187.0126953125,367.29766845703125,0.9909446239471436,1283.8204345703125,468.5469055175781,0.9773937463760376,956.4710693359375,462.087890625,0.9607224464416504,841.3920288085938,512.8920288085938,0.889965295791626
679,1315.9007568359375,354.6250305175781,0.9852517247200012,1188.802978515625,367.2649230957031,0.9918559193611145,1285.58837890625,467.30450439453125,0.9680988192558289,961.0545043945312,462.1601257324219,0.9608927965164185,845.6727905273438,513.1365966796875,0.9216804504394531
680,1316.7353515625,353.2950134277344,0.9810844659805298,1190.546630859375,367.1870422363281,0.9907845854759216,1289.70263671875,465.23858642578125,0.9516477584838867,967.12353515625,463.8919677734375,0.980358362197876,852.1168823242188,513.1410522460938,0.7716644406318665
681,1318.3614501953125,350.59173583984375,0.9804636240005493,1192.081787109375,366.2511901855469,0.9895576238632202,1291.3779296875,464.1402893066406,0.9502389430999756,970.9199829101562,465.5531311035156,0.9856359362602234,858.8606567382812,514.0128784179688,0.7795953154563904
682,1318.8756103515625,348.1300048828125,0.9770492911338806,1193.0596923828125,364.8160705566406,0.9883979558944702,1295.3115234375,462.5903625488281,0.9539388418197632,980.8043823242188,464.1993713378906,0.9839076995849609,866.2798461914062,514.1978759765625,0.7958866357803345
683,1320.0767822265625,345.6372985839844,0.9771761894226074,1193.99755859375,364.1733093261719,0.991370677947998,1297.798828125,461.5784606933594,0.9679324626922607,988.65966796875,464.2889404296875,0.978302001953125,878.7072143554688,515.7316284179688,0.8773914575576782
684,1320.5291748046875,343.5921936035156,0.9783391356468201,1194.5633544921875,363.06787109375,0.9922283887863159,1300.675048828125,460.247314453125,0.9786390662193298,999.2197265625,460.701171875,0.988825261592865,890.335205078125,517.0556640625,0.8265690803527832
685,1321.9207763671875,341.5341796875,0.9846287369728088,1195.37158203125,362.4566955566406,0.9898229837417603,1304.1629638671875,459.36590576171875,0.9732964634895325,1010.0593872070312,456.934326171875,0.9728721976280212,905.822265625,519.006103515625,0.827131986618042
686,1322.7310791015625,339.1748352050781,0.9843778610229492,1196.6051025390625,361.88055419921875,0.9849376678466797,1307.2366943359375,458.6727600097656,0.969866156578064,1021.2886352539062,451.0361022949219,0.9897308349609375,922.13525390625,522.77392578125,0.854588508605957
687,1323.2080078125,337.64935302734375,0.9870812296867371,1197.9554443359375,360.9834899902344,0.9789434671401978,1312.2532958984375,457.4130859375,0.9766716957092285,1032.04541015625,441.697265625,0.978675365447998,944.0013427734375,524.371826171875,0.7436954975128174
688,1323.8204345703125,336.66790771484375,0.9833630323410034,1199.2235107421875,358.8173828125,0.9821569919586182,1315.3182373046875,456.6206970214844,0.9807547330856323,1046.9625244140625,433.3771667480469,0.9727696180343628,969.412841796875,527.0407104492188,0.8500244617462158
689,1324.0806884765625,335.7467956542969,0.9802597761154175,1200.6375732421875,356.5193786621094,0.9847989082336426,1317.8729248046875,455.6953125,0.9837746620178223,1059.8104248046875,425.9867248535156,0.9847574234008789,997.0386962890625,526.1586303710938,0.8973958492279053
690,1323.86474609375,333.5229797363281,0.9811418056488037,1202.5211181640625,353.80340576171875,0.9884680509567261,1319.733154296875,455.26806640625,0.9770495891571045,1071.947265625,420.8370361328125,0.9890275597572327,1026.595947265625,529.2448120117188,0.9036266803741455
691,1323.1026611328125,331.3330993652344,0.9845544695854187,1204.239990234375,351.4702453613281,0.9903619289398193,1323.3408203125,453.0465393066406,0.9739267230033875,1080.6512451171875,413.1080322265625,0.9804192781448364,1053.030517578125,529.3201293945312,0.9475955963134766
692,1322.254150390625,329.5351257324219,0.985770583152771,1205.5386962890625,350.3701171875,0.9895491003990173,1325.1224365234375,452.04083251953125,0.9700430631637573,1092.85400390625,409.17974853515625,0.9854800701141357,1082.55712890625,526.3912963867188,0.873375415802002
693,1322.2451171875,328.7640380859375,0.9819436073303223,1206.1766357421875,348.1095886230469,0.9913753271102905,1326.7667236328125,450.9952392578125,0.9604109525680542,1103.18310546875,408.7159729003906,0.9837915897369385,1104.310791015625,522.54296875,0.8537539839744568
694,1321.789794921875,326.5075378417969,0.9788246154785156,1206.3089599609375,346.23565673828125,0.988194465637207,1328.826171875,450.0271911621094,0.963054895401001,1110.7845458984375,406.6062927246094,0.969782829284668,1123.991455078125,516.7994995117188,0.904861569404602
695,1321.727783203125,324.95208740234375,0.9799309968948364,1206.52099609375,344.9842834472656,0.9843974709510803,1331.393798828125,447.43603515625,0.9784302711486816,1118.7491455078125,406.33197021484375,0.985548198223114,1137.1640625,514.71875,0.8877192735671997
696,1321.5150146484375,323.82098388671875,0.9765902757644653,1206.7237548828125,343.0633850097656,0.9712836742401123,1333.08251953125,446.2214660644531,0.9827622771263123,1123.322998046875,408.13580322265625,0.9654056429862976,1147.0406494140625,513.6295166015625,0.8716189861297607
697,1321.424560546875,323.1527099609375,0.9768510460853577,1206.9151611328125,342.19293212890625,0.9731724858283997,1335.69677734375,444.59857177734375,0.9814356565475464,1126.3863525390625,410.4212951660156,0.9642384052276611,1156.961181640625,514.112060546875,0.9178282022476196
698,1321.19091796875,322.5096435546875,0.9777772426605225,1206.86376953125,340.5607604980469,0.9767084121704102,1338.6676025390625,443.0110168457031,0.9740011692047119,1129.231689453125,414.70098876953125,0.9590038061141968,1167.75927734375,515.6655883789062,0.8989569544792175
699,1320.7598876953125,321.8955383300781,0.9740639925003052,1206.81982421875,339.43408203125,0.9803446531295776,1341.546630859375,440.135986328125,0.9616851806640625,1129.680908203125,420.6321716308594,0.9686990976333618,1177.3546142578125,518.3765258789062,0.8388934135437012
700,1320.2418212890625,321.30169677734375,0.9733462929725647,1206.4912109375,339.1925354003906,0.9849491715431213,1342.9600830078125,438.3529357910156,0.9643353819847107,1131.7967529296875,426.4794921875,0.9760842323303223,1184.5123291015625,519.34130859375,0.894436240196228
701,1318.056640625,322.12457275390625,0.9709740877151489,1206.2679443359375,339.20159912109375,0.9843828082084656,1344.08154296875,436.385498046875,0.9578296542167664,1132.4722900390625,432.92138671875,0.9661592245101929,1190.8179931640625,521.61865234375,0.8941766619682312
702,1317.4554443359375,321.961669921875,0.9720989465713501,1205.6507568359375,339.6025390625,0.9844956398010254,1344.706787109375,434.829833984375,0.9490399360656738,1132.9915771484375,441.1037902832031,0.9786461591720581,1197.6181640625,524.9943237304688,0.9151283502578735
703,1317.1163330078125,321.9794616699219,0.977195143699646,1204.9112548828125,340.2102355957031,0.9816180467605591,1345.5098876953125,431.9359130859375,0.960679292678833,1132.229248046875,448.8591613769531,0.975412130355835,1202.75,528.1610717773438,0.9465475082397461
704,1316.659423828125,322.11810302734375,0.9784977436065674,1204.1416015625,341.6015319824219,0.9765334129333496,1346.18310546875,430.51611328125,0.971905529499054,1134.33154296875,456.0870056152344,0.9809386730194092,1209.375244140625,533.3728637695312,0.9273830652236938
705,1316.0877685546875,322.6575012207031,0.9835595488548279,1203.0574951171875,343.9190673828125,0.9741278886795044,1346.3935546875,429.9496154785156,0.9761117696762085,1135.4422607421875,464.5357971191406,0.9783897399902344,1213.17431640625,537.4578857421875,0.911103367805481
706,1315.6614990234375,323.0378112792969,0.9868391156196594,1202.2972412109375,345.2446594238281,0.9842891097068787,1346.37353515625,429.9261169433594,0.9764437079429626,1137.1519775390625,471.5474853515625,0.9720749855041504,1217.438232421875,542.7988891601562,0.9425764083862305
707,1315.1209716796875,323.88507080078125,0.9883077144622803,1201.745361328125,346.626953125,0.9900966286659241,1346.207763671875,430.29986572265625,0.976384162902832,1139.1248779296875,478.7455749511719,0.9754776954650879,1221.019775390625,547.8032836914062,0.9518849849700928
708,1313.965087890625,324.8905944824219,0.989872932434082,1201.621826171875,348.8690490722656,0.9912182092666626,1345.8521728515625,431.20770263671875,0.9701777696609497,1139.1829833984375,487.85223388671875,0.9796031713485718,1224.1800537109375,553.1489868164062,0.905924916267395
709,1313.563232421875,326.5728454589844,0.9863520860671997,1198.7615966796875,351.0801696777344,0.9886467456817627,1344.96142578125,434.2728576660156,0.956824541091919,1140.4261474609375,496.158447265625,0.9797167181968689,1229.446044921875,555.7534790039062,0.9428083896636963
710,1313.144775390625,328.2567443847656,0.9788352847099304,1197.8251953125,353.33740234375,0.9910992383956909,1344.0863037109375,436.5616455078125,0.9613770842552185,1141.03466796875,501.0561218261719,0.9748153686523438,1230.083740234375,559.0997314453125,0.9309876561164856
711,1312.0377197265625,329.5856628417969,0.9715504050254822,1196.7109375,357.606201171875,0.9906800389289856,1343.491943359375,438.86248779296875,0.9664840698242188,1139.1385498046875,504.13885498046875,0.9829856157302856,1229.3360595703125,560.9351806640625,0.9183034896850586
712,1311.1519775390625,331.6590881347656,0.9756624698638916,1196.33544921875,359.9813232421875,0.9848466515541077,1341.1368408203125,443.01708984375,0.9717180728912354,1136.2720947265625,503.96331787109375,0.9786785840988159,1226.6651611328125,560.3145141601562,0.8896545171737671
713,1310.80322265625,335.1409912109375,0.9719580411911011,1195.7637939453125,362.6531677246094,0.9877723455429077,1338.7489013671875,445.6296691894531,0.9744835495948792,1131.1064453125,500.3631896972656,0.9785564541816711,1219.23828125,559.2216796875,0.9055486917495728
714,1310.3238525390625,338.1111755371094,0.9808505773544312,1195.4559326171875,363.938720703125,0.9899970293045044,1336.1787109375,451.19122314453125,0.964224100112915,1127.2205810546875,496.9544372558594,0.9584782123565674,1214.0848388671875,559.6751098632812,0.8616353273391724
715,1309.2998046875,340.3015441894531,0.9862968921661377,1195.4149169921875,366.0831604003906,0.9904090166091919,1334.9354248046875,455.8258361816406,0.977651834487915,1124.3323974609375,494.08935546875,0.9734078049659729,1207.850341796875,557.3900146484375,0.8803048133850098
716,1308.7587890625,343.4632568359375,0.9806218147277832,1193.9642333984375,367.8937683105469,0.9910024404525757,1333.244140625,458.7790832519531,0.9852517247200012,1121.4481201171875,491.82867431640625,0.9794979095458984,1204.2623291015625,557.9436645507812,0.9051737785339355
717,1308.3685302734375,345.2876281738281,0.9870606660842896,1192.7667236328125,369.8405456542969,0.989027202129364,1330.8995361328125,461.8580627441406,0.9835587739944458,1119.2650146484375,490.6236877441406,0.983217716217041,1198.653564453125,559.8294067382812,0.8722963333129883
718,1306.999755859375,346.60693359375,0.9909440279006958,1191.6304931640625,370.57965087890625,0.9839174151420593,1329.5262451171875,464.1786193847656,0.9647730588912964,1115.8671875,489.4974670410156,0.9881130456924438,1195.414306640625,560.3930053710938,0.8901362419128418
719,1306.6434326171875,347.74383544921875,0.9894976615905762,1190.83740234375,371.4261779785156,0.9862986207008362,1328.0474853515625,467.44384765625,0.9529916644096375,1112.0228271484375,488.45526123046875,0.9774067401885986,1190.0478515625,558.8098754882812,0.9158117771148682
720,1306.1754150390625,348.6697998046875,0.9875311851501465,1190.1571044921875,371.5525817871094,0.9858683943748474,1326.032470703125,468.671630859375,0.9643882513046265,1108.76513671875,485.8382873535156,0.9792968034744263,1186.07861328125,559.5611572265625,0.8874847888946533
721,1304.846923828125,348.7496643066406,0.9837338328361511,1189.27099609375,372.3682861328125,0.9861170649528503,1325.0789794921875,469.400146484375,0.9731671214103699,1105.07373046875,485.5768737792969,0.9839949011802673,1180.98388671875,560.4635620117188,0.8930256366729736
722,1303.4263916015625,349.4229431152344,0.9802871942520142,1188.1961669921875,372.47869873046875,0.9870717525482178,1323.5146484375,469.7398376464844,0.9729362726211548,1101.5419921875,485.0500793457031,0.9911062121391296,1174.9532470703125,559.5553588867188,0.8929673433303833
723,1302.6527099609375,349.2062683105469,0.983776330947876,1187.265869140625,372.4013977050781,0.9837507605552673,1321.9815673828125,469.95330810546875,0.970754861831665,1097.9849853515625,483.3465576171875,0.9812923669815063,1171.98388671875,558.4594116210938,0.9243718385696411
724,1302.0924072265625,348.7416687011719,0.9851213693618774,1186.3304443359375,371.2348327636719,0.9825000166893005,1318.932861328125,470.5829162597656,0.9742634892463684,1094.699462890625,481.068603515625,0.970932126045227,1169.260498046875,558.4169311523438,0.8741164207458496
725,1301.7091064453125,347.81927490234375,0.9865251779556274,1183.384033203125,370.42169189453125,0.9887625575065613,1317.6966552734375,469.85809326171875,0.9795129299163818,1092.0986328125,479.9225158691406,0.9703867435455322,1163.56591796875,559.6934204101562,0.8798166513442993
726,1301.303466796875,346.9022521972656,0.9862666130065918,1182.359619140625,369.2796630859375,0.9902740716934204,1316.442626953125,468.39471435546875,0.9810750484466553,1088.677490234375,478.3882141113281,0.9695370197296143,1157.7657470703125,558.1368408203125,0.903616189956665
727,1301.2484130859375,345.80255126953125,0.9852521419525146,1181.971923828125,367.1715087890625,0.9908074736595154,1315.4461669921875,466.6550598144531,0.9757136702537537,1083.263916015625,478.75445556640625,0.9746795892715454,1153.669677734375,557.1969604492188,0.8954366445541382
728,1299.9716796875,344.24066162109375,0.9867566823959351,1181.2572021484375,365.8612365722656,0.9876934885978699,1313.974609375,464.1912536621094,0.968258261680603,1079.1611328125,476.7326965332031,0.9813535213470459,1148.85693359375,557.216796875,0.8886489868164062
729,1299.4598388671875,342.6791076660156,0.9897637963294983,1180.2598876953125,364.3370361328125,0.9880871772766113,1312.727783203125,462.21612548828125,0.9769672155380249,1076.0511474609375,476.2328186035156,0.9856948256492615,1142.8255615234375,557.0015869140625,0.9146213531494141
730,1298.6744384765625,340.9940490722656,0.9906754493713379,1179.0413818359375,362.57415771484375,0.9840824604034424,1312.968505859375,459.7783508300781,0.979960560798645,1071.6693115234375,475.439453125,0.9791216850280762,1138.806884765625,555.9055786132812,0.9399974346160889
731,1298.206298828125,338.65869140625,0.9891734719276428,1178.4150390625,359.2781066894531,0.9792611002922058,1312.41650390625,457.31658935546875,0.9694011211395264,1068.1937255859375,475.634765625,0.9851799011230469,1134.7965087890625,556.4593505859375,0.9080628156661987
732,1297.5068359375,336.51165771484375,0.9849568605422974,1177.3577880859375,356.8702697753906,0.9851638674736023,1311.046630859375,454.6532897949219,0.9625656604766846,1064.7410888671875,474.8396911621094,0.9849376082420349,1128.435302734375,556.0558471679688,0.9100737571716309
733,1296.29443359375,332.59893798828125,0.9809690713882446,1176.6807861328125,354.4599609375,0.9865003824234009,1309.423095703125,452.016357421875,0.9628276824951172,1060.420166015625,472.8657531738281,0.9762054085731506,1124.6275634765625,556.2835693359375,0.9316790699958801
734,1296.1409912109375,330.0638122558594,0.9779859781265259,1175.932861328125,352.3433532714844,0.9835173487663269,1308.2803955078125,448.6398010253906,0.9417829513549805,1055.9537353515625,471.65460205078125,0.9720231294631958,1121.5325927734375,555.5206909179688,0.9193713068962097
735,1295.1217041015625,327.2828674316406,0.9763069152832031,1175.1668701171875,349.59234619140625,0.9866747260093689,1306.5125732421875,445.6012268066406,0.9639641642570496,1052.9295654296875,471.2672119140625,0.9801918268203735,1116.18505859375,556.0995483398438,0.9384390115737915
736,1294.1920166015625,323.8256530761719,0.9843398928642273,1173.7037353515625,347.2038879394531,0.9874347448348999,1306.57421875,442.94561767578125,0.9704362154006958,1050.2244873046875,469.9377136230469,0.9822123050689697,1110.5322265625,555.4070434570312,0.9341287016868591
737,1294.18701171875,322.1486511230469,0.9874235391616821,1171.8685302734375,344.6344909667969,0.9791265726089478,1306.6461181640625,438.6351013183594,0.9666521549224854,1047.2080078125,467.88970947265625,0.9808790683746338,1106.5819091796875,555.124267578125,0.9242924451828003
738,1293.6083984375,320.21917724609375,0.9845061302185059,1171.1153564453125,341.3468933105469,0.975121021270752,1304.2061767578125,436.4057312011719,0.9632072448730469,1044.357177734375,466.4213562011719,0.9780573844909668,1102.5611572265625,555.3679809570312,0.928383469581604
739,1292.9697265625,316.5711669921875,0.9847978353500366,1170.579345703125,338.7276611328125,0.9804282188415527,1303.5025634765625,433.5051574707031,0.9594333171844482,1040.1927490234375,466.5631408691406,0.9799450635910034,1096.2296142578125,555.06689453125,0.9393813014030457
740,1291.81396484375,313.8944091796875,0.9890724420547485,1170.3248291015625,336.082763671875,0.978521466255188,1303.5208740234375,429.8663635253906,0.974909782409668,1036.0125732421875,465.720703125,0.9835068583488464,1091.998779296875,554.523681640625,0.9310726523399353
741,1290.739501953125,312.1635437011719,0.9887282848358154,1168.919189453125,334.1151428222656,0.9845147132873535,1302.78662109375,427.453125,0.9820312857627869,1033.010009765625,464.43743896484375,0.9692286252975464,1089.0401611328125,554.875732421875,0.9005322456359863
742,1289.396728515625,309.6143493652344,0.9892693161964417,1166.675048828125,332.07415771484375,0.9845180511474609,1302.414794921875,424.908203125,0.9777219295501709,1029.7020263671875,462.0087585449219,0.9834951758384705,1083.9781494140625,555.4013671875,0.9476957321166992
743,1288.7593994140625,308.0098876953125,0.9855386018753052,1165.3651123046875,330.2234191894531,0.9807800054550171,1302.206787109375,423.42852783203125,0.9830952882766724,1027.2139892578125,460.76190185546875,0.9839740991592407,1078.8642578125,554.5325927734375,0.9432805776596069
744,1288.2906494140625,306.64447021484375,0.9850354790687561,1164.8323974609375,327.5188903808594,0.9727684259414673,1301.2694091796875,421.5040283203125,0.9832488298416138,1023.2178344726562,460.38616943359375,0.9752976298332214,1074.72119140625,554.189697265625,0.9202070236206055
745,1287.8677978515625,305.6303405761719,0.9796512126922607,1163.9168701171875,325.5177307128906,0.9826200008392334,1300.31396484375,419.64776611328125,0.9808164834976196,1020.21337890625,460.09283447265625,0.9794280529022217,1069.962158203125,555.052001953125,0.92389976978302
746,1286.2265625,305.8216247558594,0.9790584444999695,1163.2880859375,323.6690979003906,0.9850955009460449,1298.937744140625,418.1927490234375,0.9687076807022095,1016.7495727539062,458.4461669921875,0.9816163778305054,1066.1705322265625,555.2268676757812,0.9470553398132324
747,1285.583984375,305.1640625,0.9796932935714722,1162.79052734375,322.0565490722656,0.9882547855377197,1297.066650390625,416.5914306640625,0.9534499049186707,1013.298095703125,456.78271484375,0.9830700755119324,1061.1724853515625,554.1565551757812,0.941022515296936
748,1285.0797119140625,304.44952392578125,0.9773812294006348,1161.664306640625,321.0664367675781,0.9884423017501831,1296.000732421875,415.6783142089844,0.9629033803939819,1009.8724365234375,456.1543884277344,0.9757480621337891,1057.84814453125,553.9627685546875,0.9106312990188599
749,1285.2303466796875,303.5364074707031,0.9766371250152588,1161.2503662109375,320.7296447753906,0.9856233596801758,1295.7071533203125,414.81622314453125,0.9598088264465332,1007.3560791015625,456.7843322753906,0.9768016338348389,1051.916748046875,554.8903198242188,0.9361931085586548
750,1284.234130859375,302.9730529785156,0.979739785194397,1160.484375,320.33087158203125,0.9839717745780945,1292.1119384765625,414.270751953125,0.9577081203460693,1003.6190185546875,455.4054260253906,0.9859640598297119,1046.3055419921875,554.1199951171875,0.9399855136871338
751,1282.9693603515625,302.54473876953125,0.9841302633285522,1159.0863037109375,319.2080993652344,0.9826351404190063,1290.65185546875,414.14727783203125,0.9492300748825073,1000.9746704101562,454.136474609375,0.9768379330635071,1042.1180419921875,553.5693359375,0.9083667993545532
752,1281.45556640625,301.8333740234375,0.983784019947052,1157.9443359375,318.7992858886719,0.9885489344596863,1288.9366455078125,414.3283996582031,0.9607714414596558,996.0833740234375,452.7015075683594,0.9816161394119263,1036.3629150390625,554.4166870117188,0.9335761070251465
753,1280.43798828125,301.7887878417969,0.982859194278717,1156.3963623046875,318.1683349609375,0.9899955987930298,1287.3095703125,413.89453125,0.9755598306655884,991.388671875,452.26275634765625,0.9902275800704956,1030.8236083984375,553.6722412109375,0.9312227964401245
754,1279.356201171875,301.9161376953125,0.977622389793396,1154.4554443359375,317.7055969238281,0.9896186590194702,1285.177978515625,413.6984558105469,0.9758223295211792,988.8125,450.03399658203125,0.9866853356361389,1026.893310546875,553.6212768554688,0.9148199558258057
755,1277.9287109375,301.17364501953125,0.983445405960083,1152.428955078125,317.4609375,0.9849308729171753,1282.9295654296875,412.91864013671875,0.9778937101364136,983.58837890625,449.0634765625,0.9643183946609497,1022.9205932617188,554.2835083007812,0.9025982618331909
756,1276.208984375,301.3233642578125,0.9879225492477417,1149.5811767578125,317.388671875,0.985962986946106,1281.4639892578125,412.222412109375,0.9808884859085083,981.1566162109375,449.1353759765625,0.9723585844039917,1018.8060302734375,554.5924072265625,0.939833402633667
757,1274.0179443359375,300.7238464355469,0.9880572557449341,1147.8056640625,316.4460144042969,0.9888887405395508,1279.9271240234375,412.3327331542969,0.979159951210022,975.591796875,450.029052734375,0.9822176694869995,1013.3703002929688,553.588134765625,0.9439738988876343
758,1272.39892578125,300.9833068847656,0.979934573173523,1146.2078857421875,316.34735107421875,0.9888501167297363,1275.8157958984375,413.3005065917969,0.9674463272094727,971.1905517578125,450.05694580078125,0.9860140085220337,1009.920166015625,551.4534301757812,0.9152761697769165
759,1270.4395751953125,301.86041259765625,0.9816862940788269,1144.4541015625,316.4442443847656,0.9858795404434204,1273.461181640625,413.6002502441406,0.9650288820266724,966.7891845703125,448.6440124511719,0.9646874666213989,1002.9931640625,553.8242797851562,0.9154996871948242
760,1268.56005859375,302.67572021484375,0.9849934577941895,1142.3460693359375,317.13555908203125,0.9897406697273254,1271.8975830078125,413.3896789550781,0.9757024049758911,963.4942626953125,447.4557800292969,0.9669170379638672,996.4251098632812,551.17041015625,0.9319945573806763
761,1266.6739501953125,304.1593017578125,0.9840021133422852,1139.8370361328125,317.09600830078125,0.990171492099762,1269.724365234375,413.9483947753906,0.9773284792900085,959.1396484375,447.6628723144531,0.9736049175262451,990.500732421875,552.050048828125,0.8870037794113159
762,1264.774169921875,304.89971923828125,0.9855296611785889,1136.925048828125,317.2941589355469,0.986534059047699,1266.5042724609375,414.0064392089844,0.9734389185905457,954.4462280273438,445.3955993652344,0.9708032608032227,986.5059814453125,553.5665283203125,0.9066028594970703
763,1263.2481689453125,305.61114501953125,0.9869884252548218,1133.36181640625,317.7862243652344,0.9862896203994751,1263.5531005859375,414.83697509765625,0.9599041938781738,950.084228515625,444.81402587890625,0.975563645362854,981.1305541992188,550.464111328125,0.9238543510437012
764,1261.021484375,305.8087158203125,0.9895771741867065,1132.399658203125,317.6601867675781,0.9848883152008057,1260.2310791015625,415.6131896972656,0.9382327795028687,947.3684692382812,444.5771484375,0.9749032258987427,976.8828735351562,550.5554809570312,0.9039400815963745
765,1258.88916015625,305.8697814941406,0.990507960319519,1130.419921875,317.980712890625,0.9878599643707275,1258.94140625,417.0111389160156,0.9471468925476074,943.980224609375,444.31939697265625,0.9639102816581726,972.0880126953125,551.3109130859375,0.9039321541786194
766,1256.4249267578125,306.3470153808594,0.9882768392562866,1128.8345947265625,318.3850402832031,0.9836729764938354,1255.9520263671875,418.3797302246094,0.959585964679718,941.427490234375,443.8918762207031,0.9790849685668945,966.2265014648438,550.4510498046875,0.9221195578575134
767,1253.605712890625,308.8284606933594,0.9904711246490479,1126.9871826171875,319.4759521484375,0.9814451932907104,1253.9898681640625,419.59405517578125,0.9737746715545654,936.77783203125,443.71844482421875,0.9786397218704224,962.9253540039062,550.0303955078125,0.9277432560920715
768,1252.735595703125,310.2276611328125,0.9934412837028503,1125.8614501953125,320.09698486328125,0.98464035987854,1252.9388427734375,421.2391052246094,0.9816629886627197,934.0073852539062,442.6504821777344,0.9779813885688782,958.1549682617188,551.2633666992188,0.8715999126434326
769,1251.875244140625,311.4546203613281,0.9932525157928467,1124.3955078125,321.2406005859375,0.9869964122772217,1251.4439697265625,423.02728271484375,0.9824913740158081,931.2870483398438,441.94970703125,0.9768548011779785,951.13037109375,549.3811645507812,0.9164594411849976
770,1250.8902587890625,312.9778137207031,0.9893699288368225,1123.0123291015625,322.42706298828125,0.9861629009246826,1250.1611328125,424.4919128417969,0.9807000756263733,929.2291870117188,441.39044189453125,0.968436598777771,947.8766479492188,549.36328125,0.927746057510376
771,1250.1033935546875,313.8163757324219,0.9887973070144653,1120.6036376953125,324.0227966308594,0.980396032333374,1247.954345703125,425.9856872558594,0.9771579504013062,926.0419921875,441.418212890625,0.9807413816452026,942.5996704101562,549.744140625,0.8812490701675415
772,1248.6436767578125,316.299072265625,0.9850945472717285,1119.7789306640625,325.5310974121094,0.9764126539230347,1243.3665771484375,428.3020324707031,0.967636227607727,921.5595092773438,441.34344482421875,0.9817585945129395,938.4575805664062,549.5587158203125,0.8936705589294434
773,1247.9210205078125,318.3426513671875,0.9793616533279419,1118.517578125,327.0393981933594,0.973445475101471,1241.6368408203125,429.90045166015625,0.9429506063461304,918.4397583007812,440.5423583984375,0.973159670829773,933.001708984375,548.5170288085938,0.9293308854103088
774,1246.7777099609375,320.84521484375,0.9825750589370728,1117.916748046875,329.39373779296875,0.9713625907897949,1239.71875,432.412109375,0.9462986588478088,915.197265625,440.3751525878906,0.9761022329330444,929.0784301757812,548.3397216796875,0.8988678455352783
775,1246.1600341796875,321.83477783203125,0.9874932169914246,1117.154541015625,330.7707824707031,0.9793919920921326,1238.4517822265625,434.5260314941406,0.9648103713989258,913.3231811523438,439.64080810546875,0.9714349508285522,924.1412353515625,548.7056884765625,0.9058785438537598
776,1245.2431640625,322.7417297363281,0.9890292882919312,1116.6280517578125,331.40234375,0.9835817813873291,1237.7293701171875,436.7443542480469,0.9772214889526367,911.6978149414062,439.4659118652344,0.9790360927581787,919.4681396484375,547.6596069335938,0.8925869464874268
777,1244.7640380859375,324.1156311035156,0.988774836063385,1116.661865234375,332.1722106933594,0.9855563640594482,1236.743896484375,439.29986572265625,0.9824193120002747,909.4781494140625,439.1628112792969,0.9853999018669128,915.751708984375,547.5056762695312,0.9221807718276978
778,1244.5181884765625,326.109130859375,0.9893134832382202,1116.997314453125,333.1154479980469,0.985865592956543,1235.6883544921875,440.6565246582031,0.9827943444252014,907.3030395507812,438.66552734375,0.982846736907959,910.3359985351562,547.1572265625,0.8935831785202026
779,1244.6593017578125,327.92254638671875,0.9876731634140015,1116.9998779296875,333.69976806640625,0.9868341088294983,1234.7138671875,442.13909912109375,0.9834667444229126,905.1618041992188,437.78009033203125,0.9776153564453125,906.6452026367188,547.6444091796875,0.8824212551116943
780,1245.389404296875,329.8028259277344,0.9876841902732849,1117.4451904296875,334.3106994628906,0.9881131649017334,1233.295654296875,443.57086181640625,0.9804471731185913,902.7452392578125,437.2395324707031,0.9797385334968567,900.68115234375,545.4215698242188,0.9270844459533691
781,1245.228271484375,331.0745849609375,0.9891669154167175,1117.586181640625,334.7100830078125,0.987739086151123,1232.0006103515625,445.18450927734375,0.9650901556015015,900.7880249023438,436.26397705078125,0.9792321920394897,895.6337280273438,545.8530883789062,0.8911679983139038
782,1245.831298828125,333.2052917480469,0.9842437505722046,1117.7899169921875,335.19921875,0.9891448020935059,1231.290283203125,446.34228515625,0.9540261626243591,899.6555786132812,434.9406433105469,0.9726110696792603,891.2513427734375,545.463134765625,0.9008482098579407
783,1246.1505126953125,334.406005859375,0.9819992780685425,1118.0916748046875,336.0115051269531,0.989884614944458,1227.582763671875,447.1540832519531,0.9413201808929443,897.0729370117188,435.4476623535156,0.9764655828475952,886.1166381835938,544.2598266601562,0.8854435682296753
784,1246.0302734375,336.51715087890625,0.9862401485443115,1118.49853515625,336.6813659667969,0.9895985722541809,1228.2213134765625,449.1123962402344,0.945128321647644,895.755126953125,434.7725830078125,0.9808839559555054,881.5003051757812,541.699951171875,0.8792049288749695
785,1246.6827392578125,337.5508117675781,0.9849765300750732,1119.100341796875,337.09783935546875,0.9886209964752197,1227.654296875,450.4259338378906,0.9593026041984558,894.0426025390625,434.05218505859375,0.9806443452835083,876.3651733398438,540.672607421875,0.9292365312576294
786,1246.6680908203125,337.77752685546875,0.984550952911377,1119.837158203125,337.61309814453125,0.986537754535675,1227.104736328125,450.84259033203125,0.9590179324150085,892.346435546875,433.4446105957031,0.975670576095581,873.7840576171875,541.7386474609375,0.9024230241775513
787,1247.8375244140625,338.6708679199219,0.9870044589042664,1120.0106201171875,337.6600646972656,0.985754132270813,1226.754150390625,451.1789855957031,0.9592856168746948,890.2470092773438,433.3043518066406,0.9643150568008423,866.1067504882812,539.4314575195312,0.9204317331314087
788,1248.2359619140625,338.8836669921875,0.9873312711715698,1122.6221923828125,337.236328125,0.9835626482963562,1226.533203125,450.95379638671875,0.954734206199646,889.1531372070312,432.7525634765625,0.9539413452148438,861.0275268554688,538.7715454101562,0.864728569984436
789,1249.1771240234375,339.3070983886719,0.9891247749328613,1123.9271240234375,336.8754577636719,0.9857708811759949,1226.5198974609375,450.95880126953125,0.9552326202392578,886.8446044921875,431.53167724609375,0.95878005027771,856.8587036132812,536.1669921875,0.9098105430603027
790,1250.3297119140625,339.26080322265625,0.9893465042114258,1124.9779052734375,336.7434387207031,0.9863743782043457,1226.432373046875,450.5853576660156,0.9527269601821899,886.483642578125,431.0812683105469,0.9705979824066162,852.4755859375,533.4113159179688,0.9104136228561401
791,1251.115478515625,339.0970153808594,0.9891394376754761,1125.7882080078125,335.97857666015625,0.985547661781311,1226.1510009765625,450.5047607421875,0.9502580165863037,886.1486206054688,430.614013671875,0.9743045568466187,848.048583984375,532.2183837890625,0.9023030996322632
792,1252.0523681640625,338.60919189453125,0.9849478006362915,1127.3497314453125,335.109130859375,0.97980797290802,1226.340087890625,449.5662841796875,0.9475159645080566,885.9275512695312,430.2794494628906,0.9757882356643677,843.6652221679688,531.5781860351562,0.9231840372085571
793,1252.843017578125,337.4654846191406,0.9831904172897339,1128.3536376953125,334.6454162597656,0.9820637702941895,1226.4447021484375,448.51446533203125,0.9277082085609436,886.9888305664062,430.42950439453125,0.9732973575592041,838.98779296875,528.6334838867188,0.915878176689148
794,1253.5364990234375,336.7276306152344,0.9787579774856567,1129.587158203125,333.7779541015625,0.9849482774734497,1225.802001953125,446.32049560546875,0.9265069365501404,888.6727294921875,432.2864990234375,0.9631919264793396,834.045166015625,524.5477294921875,0.9082067012786865
795,1255.392333984375,334.4653625488281,0.9763538837432861,1129.7601318359375,333.0684509277344,0.9875706434249878,1226.3101806640625,445.4710388183594,0.9382319450378418,889.4157104492188,434.2799072265625,0.9652034044265747,827.4755249023438,523.1173706054688,0.9212951064109802
796,1257.5078125,333.16888427734375,0.9822410345077515,1130.749267578125,331.9310302734375,0.9896262288093567,1227.2451171875,444.6993713378906,0.9558969736099243,890.3623046875,435.49810791015625,0.9765925407409668,824.2388305664062,521.3766479492188,0.9036637544631958
797,1258.362548828125,331.91265869140625,0.9874107837677002,1131.1826171875,331.44671630859375,0.9898984432220459,1232.0372314453125,443.953125,0.9656748175621033,892.1843872070312,435.74603271484375,0.9831532835960388,822.3294067382812,519.4453735351562,0.9068285822868347
798,1259.9134521484375,329.61810302734375,0.984765887260437,1132.515380859375,331.0279846191406,0.9875931739807129,1234.0438232421875,442.3365173339844,0.9760195016860962,895.8704223632812,434.7725524902344,0.971457839012146,823.0086669921875,518.0381469726562,0.9144044518470764
799,1261.173828125,326.54449462890625,0.9799672365188599,1134.3216552734375,330.3455505371094,0.9809339046478271,1235.8487548828125,441.1792907714844,0.9772639274597168,901.1793823242188,432.64544677734375,0.9633277654647827,823.6729125976562,517.142333984375,0.9035066366195679
800,1263.9248046875,324.78271484375,0.9800980091094971,1137.193359375,328.4303894042969,0.9811029434204102,1237.733642578125,438.9721984863281,0.980995774269104,905.018798828125,433.2276611328125,0.9609741568565369,826.00439453125,515.4130249023438,0.8991764783859253
801,1265.740478515625,322.92132568359375,0.9877049922943115,1139.8321533203125,326.48345947265625,0.9810813665390015,1239.3037109375,436.8883972167969,0.9644386172294617,908.0259399414062,434.3409423828125,0.9797185659408569,827.419921875,514.0108642578125,0.9294484853744507
802,1267.2880859375,320.68145751953125,0.9797415733337402,1141.672607421875,324.83087158203125,0.9874351620674133,1243.2413330078125,434.2181396484375,0.9617716670036316,915.27099609375,434.1745910644531,0.9714480638504028,829.5396728515625,511.7333068847656,0.902255654335022
803,1269.271728515625,316.4724426269531,0.9805349111557007,1143.67626953125,323.11492919921875,0.98553466796875,1244.52392578125,431.1101989746094,0.9410920143127441,919.782958984375,433.7492980957031,0.977861225605011,833.621337890625,509.3370666503906,0.8883575201034546
804,1270.80517578125,314.069091796875,0.9803420305252075,1145.70654296875,321.7239990234375,0.9921934604644775,1249.578369140625,429.3939514160156,0.966498613357544,922.76611328125,434.0234375,0.9879165291786194,837.5923461914062,510.3271484375,0.8785817623138428
805,1272.3905029296875,311.36273193359375,0.9813857674598694,1148.0001220703125,320.74798583984375,0.9930776357650757,1251.930419921875,427.55267333984375,0.9775857925415039,931.9530029296875,429.8219299316406,0.9812740087509155,846.1240234375,508.82110595703125,0.8979707956314087
806,1275.365234375,309.6064453125,0.9876286387443542,1150.176025390625,320.6319580078125,0.992638349533081,1255.1715087890625,426.1263427734375,0.9721469283103943,940.7727661132812,425.8128356933594,0.9813570380210876,854.9059448242188,507.6317443847656,0.8375006318092346
807,1277.1982421875,307.51727294921875,0.982515811920166,1154.1844482421875,319.64599609375,0.9883703589439392,1258.86669921875,424.87628173828125,0.9743449687957764,951.4943237304688,419.0356750488281,0.9751859307289124,869.8995971679688,505.30792236328125,0.8472793698310852
808,1279.86962890625,306.7979736328125,0.984893262386322,1156.77001953125,319.63958740234375,0.9900089502334595,1263.85888671875,423.526611328125,0.9689500331878662,962.1612548828125,410.2757263183594,0.9873419404029846,887.0239868164062,504.6437072753906,0.8406124114990234
809,1281.4063720703125,305.40283203125,0.9862148761749268,1159.3785400390625,318.22869873046875,0.9884873628616333,1267.2862548828125,422.7280578613281,0.984545111656189,975.0941162109375,403.96038818359375,0.9877908229827881,909.9979858398438,502.9266357421875,0.8534953594207764
810,1282.654296875,304.0504150390625,0.9763643145561218,1161.2626953125,317.0709228515625,0.9839739799499512,1270.3924560546875,421.38287353515625,0.9790740013122559,989.95263671875,394.77001953125,0.9893015623092651,935.5346069335938,498.6888122558594,0.9329146146774292
811,1284.143310546875,301.2220153808594,0.9819986820220947,1162.5682373046875,315.7096252441406,0.9879734516143799,1274.989013671875,419.5168151855469,0.9722700119018555,1004.2802124023438,389.6927185058594,0.9895387887954712,960.23046875,501.8089294433594,0.5831978917121887
812,1285.6339111328125,299.3114318847656,0.9827563762664795,1163.6199951171875,314.953369140625,0.9884063005447388,1278.9677734375,419.6189880371094,0.9603334665298462,1021.4766235351562,383.0436096191406,0.9828675985336304,986.7536010742188,498.0177917480469,0.9202735424041748
813,1286.6124267578125,297.91253662109375,0.9799529314041138,1165.529052734375,313.975341796875,0.9817907810211182,1282.82080078125,419.5472412109375,0.9766386151313782,1035.0372314453125,379.42041015625,0.9847211837768555,1012.5676879882812,495.6984558105469,0.90718674659729
814,1288.2596435546875,296.84222412109375,0.9789608716964722,1169.00244140625,312.66363525390625,0.9718632698059082,1285.3345947265625,418.6068420410156,0.9714908599853516,1047.7115478515625,376.59149169921875,0.9772099256515503,1038.5582275390625,493.162841796875,0.9133604764938354
815,1289.447998046875,295.5509338378906,0.9827404618263245,1171.71142578125,310.52020263671875,0.9736688137054443,1290.5321044921875,416.7265625,0.9514729976654053,1058.915771484375,375.1558837890625,0.9766843914985657,1063.56982421875,488.95281982421875,0.8230926990509033
816,1290.580322265625,295.3862609863281,0.9841277599334717,1173.46484375,310.0354309082031,0.9791452884674072,1292.38818359375,414.9316101074219,0.9547146558761597,1071.574951171875,375.5573425292969,0.9734065532684326,1084.477783203125,484.8497009277344,0.8280544281005859
817,1291.8526611328125,294.5121765136719,0.9871537685394287,1174.5426025390625,309.3201599121094,0.9758390188217163,1297.3753662109375,414.49810791015625,0.9756174087524414,1077.7725830078125,376.1680603027344,0.9733493328094482,1100.192626953125,483.32220458984375,0.8996877670288086
818,1292.7020263671875,294.3943786621094,0.9861257076263428,1176.0404052734375,309.6739501953125,0.9745342135429382,1299.9278564453125,413.9227294921875,0.9818865060806274,1086.3262939453125,379.3282775878906,0.9669679403305054,1114.60400390625,482.7432556152344,0.915373682975769
819,1293.45361328125,294.61224365234375,0.984306275844574,1176.90966796875,309.8704528808594,0.9784790873527527,1303.4371337890625,412.9114074707031,0.9790147542953491,1090.5491943359375,382.89056396484375,0.9593439102172852,1127.1986083984375,483.42425537109375,0.902456521987915
820,1294.12939453125,295.33441162109375,0.9820176362991333,1177.8077392578125,310.43505859375,0.9822226166725159,1307.166748046875,412.1441650390625,0.9781914949417114,1093.3685302734375,393.6885681152344,0.9746736884117126,1140.6839599609375,486.5755920410156,0.940606415271759
821,1294.508544921875,295.8956604003906,0.9779388904571533,1178.4742431640625,311.6257019042969,0.9807213544845581,1312.4195556640625,410.5041198730469,0.973946213722229,1095.587646484375,399.5068359375,0.9556871652603149,1152.166015625,489.51788330078125,0.8570761680603027
822,1296.01708984375,297.69769287109375,0.9759002923965454,1178.6201171875,313.19287109375,0.9835059642791748,1314.65283203125,409.51708984375,0.9805443286895752,1098.3870849609375,411.2825012207031,0.9809389114379883,1159.60009765625,493.9936828613281,0.9204349517822266
823,1295.918212890625,298.7598571777344,0.9799559116363525,1178.9361572265625,314.44921875,0.9880854487419128,1316.348876953125,408.9491882324219,0.9800289273262024,1099.1075439453125,418.05810546875,0.9771411418914795,1168.11962890625,499.63067626953125,0.9301567077636719
824,1296.6767578125,299.89398193359375,0.9796524047851562,1179.3519287109375,316.3800048828125,0.9886216521263123,1317.6875,408.92388916015625,0.9792911410331726,1102.297607421875,428.3549499511719,0.9809311628341675,1174.1356201171875,506.5817565917969,0.9390256404876709
825,1298.0340576171875,302.1780090332031,0.9767881631851196,1180.071044921875,318.57421875,0.9899729490280151,1318.883544921875,409.5321350097656,0.978142499923706,1103.6517333984375,438.7174987792969,0.9765702486038208,1182.2421875,511.899658203125,0.9373592734336853
826,1298.6566162109375,305.9259033203125,0.9868590831756592,1180.3714599609375,320.8587341308594,0.9912355542182922,1320.1632080078125,411.16064453125,0.9773438572883606,1107.1260986328125,446.06982421875,0.9794366359710693,1186.4827880859375,517.4302368164062,0.9287505149841309
827,1298.8154296875,307.90765380859375,0.9890720248222351,1180.295166015625,323.7090759277344,0.9889980554580688,1320.989013671875,412.8628234863281,0.972098708152771,1108.5618896484375,457.0830993652344,0.9780101776123047,1189.6656494140625,523.123779296875,0.9483658075332642
828,1299.061279296875,310.3492736816406,0.9877299666404724,1180.2730712890625,327.8924560546875,0.9774527549743652,1321.73388671875,414.35784912109375,0.9671313762664795,1109.5723876953125,465.39422607421875,0.9740490913391113,1195.82275390625,529.3670043945312,0.9412556886672974
829,1299.8018798828125,313.0682373046875,0.9855467081069946,1180.498291015625,331.5640563964844,0.9874782562255859,1323.55078125,417.3924560546875,0.9654181003570557,1112.23291015625,474.48748779296875,0.9718480110168457,1198.39306640625,535.9185180664062,0.8986514806747437
830,1300.2926025390625,316.07720947265625,0.9825608730316162,1181.3216552734375,334.8592529296875,0.9869838953018188,1324.3048095703125,421.09619140625,0.9712631702423096,1112.0455322265625,481.21197509765625,0.9574650526046753,1199.779296875,540.6710815429688,0.8926479816436768
831,1300.5850830078125,320.94671630859375,0.9760898351669312,1181.5955810546875,339.20550537109375,0.9864961504936218,1324.2742919921875,425.7366027832031,0.9535882472991943,1111.9925537109375,485.6549072265625,0.9669762253761292,1199.144287109375,544.8179321289062,0.903340220451355
832,1301.0648193359375,324.5021057128906,0.9854249358177185,1181.9481201171875,345.7906494140625,0.9700065851211548,1323.1680908203125,429.248779296875,0.9756937026977539,1109.4803466796875,488.2081298828125,0.9665296673774719,1197.1737060546875,545.4368286132812,0.9214930534362793
833,1301.5325927734375,328.01361083984375,0.9832483530044556,1184.70361328125,350.022216796875,0.9814232587814331,1324.34619140625,434.4076232910156,0.9647191762924194,1107.720947265625,484.8828125,0.9734727144241333,1191.988037109375,544.3665771484375,0.8940877914428711
834,1302.5926513671875,332.0426330566406,0.9785369634628296,1183.3837890625,355.0747985839844,0.984178364276886,1324.6832275390625,439.57318115234375,0.9665603637695312,1103.8941650390625,481.4478759765625,0.9680580496788025,1188.2958984375,542.883056640625,0.9274274110794067
835,1303.800048828125,336.859375,0.9744440317153931,1184.8065185546875,360.5496520996094,0.9715383648872375,1322.0706787109375,445.4120788574219,0.9746577143669128,1100.6708984375,480.53643798828125,0.9741929769515991,1182.8975830078125,544.8982543945312,0.9029767513275146
836,1302.135009765625,341.694091796875,0.9798969030380249,1184.9984130859375,364.4216613769531,0.988376259803772,1322.114990234375,450.6882019042969,0.9658088684082031,1097.366455078125,480.90118408203125,0.9597049951553345,1178.94921875,545.7492065429688,0.9216973781585693
837,1302.278076171875,344.79541015625,0.9736209511756897,1185.581298828125,367.4044189453125,0.9859614372253418,1320.0535888671875,456.7532958984375,0.9646931886672974,1094.4766845703125,478.2809753417969,0.9810916185379028,1174.0885009765625,544.7227172851562,0.9344836473464966
838,1303.091552734375,347.83233642578125,0.9759942889213562,1182.72998046875,369.2523193359375,0.9902672171592712,1319.1358642578125,461.0286560058594,0.9803762435913086,1092.2796630859375,477.7635192871094,0.9853100776672363,1170.376953125,544.1077880859375,0.9223878979682922
839,1302.68798828125,350.6753234863281,0.9717464447021484,1182.2406005859375,371.8454895019531,0.9898018836975098,1317.3238525390625,464.84039306640625,0.9740051627159119,1089.43505859375,476.9870300292969,0.9808096885681152,1165.085693359375,544.4406127929688,0.9302364587783813
840,1301.18310546875,353.3648986816406,0.9761306047439575,1181.9041748046875,374.1470031738281,0.9862350821495056,1316.6771240234375,467.7545166015625,0.9813283681869507,1084.1251220703125,478.5133056640625,0.9722748398780823,1159.227294921875,543.7457275390625,0.9263426065444946
841,1300.60888671875,354.36920166015625,0.9839203953742981,1180.4927978515625,377.5234069824219,0.9812487363815308,1316.1160888671875,470.1212463378906,0.9834920167922974,1079.3101806640625,476.85791015625,0.985215961933136,1154.2801513671875,543.8141479492188,0.9329110383987427
842,1300.0272216796875,355.3976135253906,0.9861019849777222,1180.0113525390625,378.6192321777344,0.9869956970214844,1314.573486328125,471.8254699707031,0.9834253787994385,1076.7791748046875,476.9961242675781,0.9886963367462158,1149.1231689453125,545.9507446289062,0.9348379969596863
843,1299.196533203125,356.5760803222656,0.9897724390029907,1179.029296875,378.94866943359375,0.9910711646080017,1313.5482177734375,472.9255676269531,0.974325954914093,1073.0775146484375,476.3172302246094,0.9742588996887207,1143.3114013671875,544.8396606445312,0.936122715473175
844,1298.4364013671875,356.69976806640625,0.9908260107040405,1178.4906005859375,379.26708984375,0.990568220615387,1312.578369140625,473.23614501953125,0.9702792167663574,1067.7264404296875,477.2626037597656,0.9753798246383667,1140.1893310546875,544.7225952148438,0.9388518333435059
845,1297.5994873046875,356.64208984375,0.9909616708755493,1177.6195068359375,379.391845703125,0.9890733361244202,1311.3150634765625,473.60498046875,0.9632879495620728,1062.7310791015625,475.09539794921875,0.9878768920898438,1135.888671875,545.6336059570312,0.9230364561080933
846,1296.716796875,356.4725036621094,0.9896594285964966,1176.31689453125,378.7980041503906,0.9830051064491272,1308.1435546875,473.2576904296875,0.9509696960449219,1060.0174560546875,474.02276611328125,0.9885374307632446,1131.586181640625,546.1689453125,0.9373890161514282
847,1296.394287109375,355.9561767578125,0.9887262582778931,1175.4727783203125,377.2164001464844,0.9673505425453186,1306.273681640625,472.9222106933594,0.95900559425354,1056.568359375,472.8973693847656,0.9778875708580017,1126.620849609375,545.0060424804688,0.9372950196266174
848,1296.2410888671875,355.3401794433594,0.9887948036193848,1174.638671875,376.0503234863281,0.9580910801887512,1303.9453125,472.5275573730469,0.9694764614105225,1052.4080810546875,472.785400390625,0.9812281131744385,1122.97509765625,544.7764282226562,0.9484792947769165
849,1296.0771484375,354.7010498046875,0.9882214069366455,1174.0291748046875,372.7826232910156,0.9752031564712524,1303.014404296875,471.2991638183594,0.9767351150512695,1047.9930419921875,470.2223815917969,0.9795284271240234,1118.6484375,545.5958862304688,0.927674412727356
850,1296.179931640625,353.8506164550781,0.9877023696899414,1173.6856689453125,370.5372009277344,0.9821771383285522,1301.9757080078125,469.8439025878906,0.9810723662376404,1045.186279296875,468.74566650390625,0.986016035079956,1115.197509765625,545.36279296875,0.9406024813652039
851,1296.1937255859375,353.0066833496094,0.9816558361053467,1173.69140625,368.414306640625,0.9862573146820068,1301.17529296875,468.4722595214844,0.9819695949554443,1043.185546875,467.11578369140625,0.9832906126976013,1110.472900390625,543.4733276367188,0.9371196031570435
852,1295.885009765625,350.7635803222656,0.9784680008888245,1174.0899658203125,367.1618957519531,0.9867357015609741,1300.8494873046875,466.4432067871094,0.9791531562805176,1039.4683837890625,466.08343505859375,0.9854408502578735,1107.06591796875,544.32763671875,0.9349256157875061
853,1295.8485107421875,349.2443542480469,0.9816679954528809,1173.732177734375,365.2834167480469,0.9871219396591187,1300.107177734375,464.180419921875,0.9762096405029297,1037.3968505859375,464.404052734375,0.9829479455947876,1103.109130859375,544.121337890625,0.9144367575645447
854,1295.75390625,347.68170166015625,0.9827516078948975,1173.0335693359375,362.9772033691406,0.9887299537658691,1299.9329833984375,462.6009521484375,0.9749540090560913,1035.150146484375,462.48406982421875,0.9736584424972534,1099.66845703125,544.0538330078125,0.9290961027145386
855,1296.22705078125,346.03558349609375,0.9839128255844116,1172.0771484375,360.5221252441406,0.9841863512992859,1299.5394287109375,460.7245788574219,0.9806411266326904,1031.72998046875,459.81951904296875,0.9834933280944824,1094.5126953125,541.5420532226562,0.9199823141098022
856,1296.1209716796875,344.7332763671875,0.9783848524093628,1172.0107421875,357.5909729003906,0.9780669212341309,1300.1580810546875,459.03228759765625,0.983008861541748,1029.0174560546875,457.95513916015625,0.9883180856704712,1092.2158203125,541.9425659179688,0.9367117881774902
857,1296.5087890625,342.84320068359375,0.9861353039741516,1172.3114013671875,355.35595703125,0.9826276302337646,1300.3702392578125,457.42889404296875,0.9847122430801392,1026.531982421875,456.5367736816406,0.9767125844955444,1086.809326171875,541.9658203125,0.9294227361679077
858,1296.741455078125,341.4168395996094,0.9891661405563354,1172.532470703125,352.89398193359375,0.9861243963241577,1300.615966796875,456.4482421875,0.9844869375228882,1023.401611328125,456.1448974609375,0.976778507232666,1082.9298095703125,541.388427734375,0.9305280447006226
859,1297.654296875,340.5224304199219,0.9919649362564087,1173.3929443359375,351.71337890625,0.9852513074874878,1300.3995361328125,454.8024597167969,0.9824109077453613,1021.2744750976562,455.3427429199219,0.9873117804527283,1076.774658203125,539.974853515625,0.9433084726333618
860,1298.260009765625,339.5906066894531,0.9909034371376038,1173.7764892578125,350.4413146972656,0.9884581565856934,1300.32861328125,453.5074157714844,0.982898473739624,1019.0014038085938,453.0312805175781,0.9887925386428833,1073.1265869140625,540.5449829101562,0.9283471703529358
861,1298.9345703125,338.78912353515625,0.9908552169799805,1173.705078125,349.00347900390625,0.9879798293113708,1300.22119140625,452.3885192871094,0.9815660715103149,1016.4390869140625,450.6647644042969,0.9832636713981628,1068.29248046875,540.8521118164062,0.9416579604148865
862,1299.59423828125,338.1664123535156,0.9880950450897217,1174.0660400390625,347.280029296875,0.9856747388839722,1300.1353759765625,451.8501892089844,0.9821324348449707,1014.038330078125,448.17388916015625,0.9849655628204346,1061.7999267578125,539.986572265625,0.9417597055435181
863,1300.290283203125,336.7613220214844,0.9838824272155762,1174.387451171875,345.59637451171875,0.9835002422332764,1299.8809814453125,451.1861267089844,0.9790809154510498,1012.4561157226562,445.12286376953125,0.9903987646102905,1058.0308837890625,539.934814453125,0.9276987314224243
864,1301.490966796875,334.5762939453125,0.9828081130981445,1174.75537109375,344.18701171875,0.9712607860565186,1299.9320068359375,450.07763671875,0.9751109480857849,1011.541748046875,444.408935546875,0.9894363880157471,1053.571533203125,540.5184326171875,0.9454735517501831
865,1302.5068359375,333.07318115234375,0.9779442548751831,1175.2684326171875,341.3042907714844,0.9747212529182434,1299.642578125,449.4384460449219,0.9671870470046997,1009.3285522460938,442.6073913574219,0.9862543940544128,1049.954833984375,539.9664306640625,0.9277716875076294
866,1302.986572265625,331.9156799316406,0.9764032363891602,1176.3465576171875,340.5173034667969,0.9787395000457764,1298.8021240234375,447.7306213378906,0.9678454399108887,1005.8185424804688,441.2231750488281,0.9925214648246765,1044.6837158203125,539.1406860351562,0.9332635402679443
867,1303.6226806640625,331.424072265625,0.9804977178573608,1177.1435546875,338.7084045410156,0.9844405651092529,1298.521240234375,446.5766296386719,0.9713205099105835,1004.34375,440.78973388671875,0.9884049892425537,1041.01904296875,539.0921020507812,0.9009127616882324
868,1304.589111328125,330.254150390625,0.9834669232368469,1178.3575439453125,337.4526672363281,0.9874404072761536,1298.1544189453125,445.85260009765625,0.9731977581977844,1002.2264404296875,440.0290222167969,0.9765475988388062,1036.34326171875,539.6698608398438,0.9448620080947876
869,1305.1307373046875,329.15728759765625,0.9855258464813232,1179.4700927734375,336.76788330078125,0.9889813661575317,1298.189453125,444.9715881347656,0.975135087966919,1000.189697265625,437.65679931640625,0.9627772569656372,1030.7486572265625,539.140380859375,0.9127611517906189
870,1306.6365966796875,329.1664733886719,0.9859694838523865,1180.16650390625,336.051025390625,0.9880517721176147,1298.9124755859375,444.04083251953125,0.9788768887519836,997.77587890625,435.9823913574219,0.962554931640625,1027.4952392578125,536.5337524414062,0.9164827466011047
871,1308.635009765625,327.31134033203125,0.9869446754455566,1180.9697265625,335.3983154296875,0.9878031015396118,1299.3099365234375,443.2239990234375,0.9825326204299927,995.5331420898438,433.91680908203125,0.9578420519828796,1022.0404052734375,538.6673583984375,0.9122687578201294
872,1309.79052734375,326.208251953125,0.9819531440734863,1181.4127197265625,334.3436279296875,0.9829302430152893,1300.0859375,442.3450927734375,0.9849734306335449,994.2848510742188,430.2569580078125,0.9657477140426636,1017.1679077148438,538.7300415039062,0.9026080369949341
873,1310.5029296875,325.81903076171875,0.9806002974510193,1181.8800048828125,333.20623779296875,0.9753991961479187,1300.1341552734375,441.5188293457031,0.984679102897644,993.78515625,428.6548156738281,0.9721217751502991,1012.61376953125,535.5357055664062,0.9259825348854065
874,1312.52978515625,325.7051696777344,0.984999418258667,1182.4818115234375,331.7882385253906,0.9721917510032654,1300.982666015625,440.5432434082031,0.9850627779960632,991.3672485351562,428.42169189453125,0.9650182723999023,1009.006591796875,535.5297241210938,0.9203868508338928
875,1313.2242431640625,325.0765686035156,0.9886897802352905,1184.257568359375,330.36175537109375,0.9734185934066772,1301.151611328125,439.34967041015625,0.9850664138793945,989.0509033203125,428.1431579589844,0.9729284048080444,1004.6505737304688,537.6741943359375,0.8932162523269653
876,1314.06689453125,324.3238830566406,0.9890888929367065,1184.791259765625,329.2926025390625,0.9680867195129395,1301.6121826171875,437.37554931640625,0.9814579486846924,986.0945434570312,427.55523681640625,0.9707518219947815,997.78564453125,535.3533935546875,0.8871546387672424
877,1314.610595703125,323.4838562011719,0.9898883104324341,1185.3966064453125,328.4264831542969,0.9674737453460693,1301.507080078125,436.0921936035156,0.9760771989822388,982.6434936523438,426.4495544433594,0.9663980603218079,995.0595703125,534.9435424804688,0.9088754653930664
878,1314.97509765625,322.39581298828125,0.9892585277557373,1185.552734375,327.6423034667969,0.9615258574485779,1301.289794921875,435.190673828125,0.9723513126373291,980.7340698242188,425.6316223144531,0.9830412864685059,990.2420654296875,535.4006958007812,0.8904320001602173
879,1315.3818359375,322.35528564453125,0.9878448247909546,1186.1766357421875,326.4139099121094,0.964942455291748,1301.266357421875,434.7645263671875,0.971076250076294,977.87744140625,424.7947998046875,0.9835333824157715,985.354736328125,536.693603515625,0.8783978819847107
880,1315.614501953125,322.0375061035156,0.9869683980941772,1186.4295654296875,325.3522644042969,0.9728964567184448,1300.697509765625,434.4016418457031,0.9694022536277771,975.952392578125,425.2841491699219,0.9726653099060059,980.6709594726562,534.2930297851562,0.8957443237304688
881,1315.3388671875,321.84368896484375,0.987380862236023,1185.9173583984375,324.948974609375,0.9719959497451782,1300.0816650390625,433.94952392578125,0.9613579511642456,972.456787109375,424.7798156738281,0.9812171459197998,974.4299926757812,533.6790161132812,0.8905000686645508
882,1315.0982666015625,321.47802734375,0.9869382381439209,1184.154296875,324.71929931640625,0.9750229120254517,1298.334716796875,432.8501281738281,0.960563063621521,969.263671875,423.1945495605469,0.9791613817214966,969.9263916015625,533.8175048828125,0.8981884717941284
883,1314.5504150390625,321.701904296875,0.9868282675743103,1183.24853515625,325.0511474609375,0.976508617401123,1296.71875,432.5739440917969,0.9499548077583313,967.00634765625,421.97064208984375,0.9819210767745972,964.6405639648438,532.3143920898438,0.9177275896072388
884,1314.0269775390625,322.072021484375,0.988301157951355,1182.6849365234375,325.3025207519531,0.977484941482544,1294.2489013671875,433.4671630859375,0.9442181587219238,963.5629272460938,421.5549621582031,0.9799577593803406,958.8690795898438,531.1256103515625,0.9076777696609497
885,1313.6307373046875,322.71392822265625,0.9892774820327759,1181.6553955078125,325.90557861328125,0.9765154123306274,1292.341064453125,434.0884094238281,0.9591504335403442,959.4699096679688,422.6493225097656,0.9838474988937378,955.180908203125,532.2490844726562,0.896643340587616
886,1312.68701171875,323.1537780761719,0.9877126216888428,1181.095458984375,326.70513916015625,0.9763530492782593,1291.322998046875,434.4585876464844,0.9606788158416748,958.0191650390625,422.3237609863281,0.9855988025665283,950.3305053710938,531.2711791992188,0.9069108366966248
887,1312.1112060546875,324.15771484375,0.9841136932373047,1180.1480712890625,327.697265625,0.9753288626670837,1289.7696533203125,434.69110107421875,0.9616976380348206,955.0352783203125,421.6700134277344,0.982680082321167,946.156982421875,530.1324462890625,0.9004532098770142
888,1310.1407470703125,324.3064270019531,0.9806827306747437,1179.1876220703125,329.639404296875,0.9788677096366882,1287.4183349609375,435.7665710449219,0.9666147232055664,951.6676025390625,420.8432922363281,0.977508544921875,940.9779052734375,530.0591430664062,0.9143627285957336
889,1309.203857421875,325.57537841796875,0.984990119934082,1178.2696533203125,330.1256408691406,0.9833168983459473,1286.1153564453125,437.37664794921875,0.9774280190467834,949.1507568359375,420.0340270996094,0.9794369339942932,937.612060546875,530.297119140625,0.8833016157150269
890,1308.555419921875,327.3509826660156,0.9829236268997192,1178.00146484375,330.7018737792969,0.9847716093063354,1284.7315673828125,439.0565185546875,0.9808244705200195,945.5087890625,421.08074951171875,0.9718672037124634,931.6302490234375,527.8858642578125,0.9156454801559448
891,1308.249267578125,329.8490295410156,0.984551191329956,1177.4591064453125,331.6325988769531,0.9855062365531921,1282.6859130859375,440.4530029296875,0.9796696901321411,944.07763671875,420.2278747558594,0.9826430082321167,925.7261352539062,526.5684814453125,0.9158105254173279
892,1307.6500244140625,331.7167663574219,0.9886566400527954,1177.200927734375,332.8133850097656,0.9808099269866943,1281.5247802734375,441.14990234375,0.9781714081764221,942.4248046875,419.56915283203125,0.9852257370948792,921.45751953125,525.3571166992188,0.9199091196060181
893,1307.2686767578125,333.27264404296875,0.9854912757873535,1176.67431640625,333.9346008300781,0.983182430267334,1280.2930908203125,442.4720764160156,0.9745696187019348,940.2216186523438,418.8349914550781,0.9831963777542114,916.437744140625,526.4232788085938,0.9131393432617188
894,1306.7222900390625,335.19476318359375,0.9828960299491882,1175.8822021484375,334.7664489746094,0.9827256202697754,1275.337158203125,443.55535888671875,0.9612308740615845,938.5858764648438,418.3893737792969,0.9757503271102905,910.19482421875,524.7844848632812,0.9007965922355652
895,1306.031982421875,336.1390380859375,0.9847594499588013,1174.7939453125,334.9388122558594,0.9832899570465088,1274.1507568359375,443.81268310546875,0.9585190415382385,936.4950561523438,417.3351745605469,0.9618149995803833,907.6510620117188,523.5538940429688,0.9002505540847778
896,1304.8955078125,337.1304016113281,0.9827766418457031,1174.1259765625,335.64849853515625,0.9861040115356445,1271.99853515625,444.78997802734375,0.9620615243911743,935.50927734375,417.4129943847656,0.9666179418563843,901.74169921875,520.1672973632812,0.870948076248169
897,1304.1715087890625,337.7748107910156,0.9823940992355347,1173.443115234375,336.59527587890625,0.9881271123886108,1271.30712890625,445.3038330078125,0.9575541019439697,935.3062133789062,417.83270263671875,0.969972550868988,897.814208984375,521.7003173828125,0.8996545076370239
898,1303.537109375,338.7727966308594,0.9803518056869507,1173.0927734375,337.5489501953125,0.9875429272651672,1270.6925048828125,446.4146423339844,0.9572073221206665,934.4403076171875,417.58306884765625,0.969524621963501,892.9264526367188,519.1824340820312,0.886914074420929
899,1301.9337158203125,340.34832763671875,0.9823447465896606,1172.675537109375,338.21868896484375,0.9863578081130981,1270.195068359375,447.46038818359375,0.9549113512039185,933.8939819335938,417.8046569824219,0.9697408676147461,888.6475830078125,517.7796020507812,0.9220359921455383
900,1301.3897705078125,341.4092102050781,0.9859654903411865,1172.4345703125,339.4232177734375,0.9857407808303833,1269.605224609375,448.7549133300781,0.9483821392059326,932.8529663085938,418.4084777832031,0.9703240394592285,885.3155517578125,515.6679077148438,0.9165958166122437
901,1301.3018798828125,342.7509765625,0.9853070974349976,1171.995361328125,340.0033264160156,0.985581636428833,1269.5111083984375,449.388916015625,0.9402683973312378,932.989013671875,418.7635498046875,0.9722734093666077,881.7344360351562,513.2113647460938,0.9099219441413879
902,1301.0284423828125,343.30621337890625,0.9854053258895874,1171.8492431640625,340.9106750488281,0.9845950603485107,1269.244873046875,450.7986145019531,0.954200029373169,932.8561401367188,419.2726745605469,0.9721719622612,877.1890258789062,512.2573852539062,0.9206699132919312
903,1300.8822021484375,343.7498474121094,0.9834644794464111,1171.48486328125,342.1844177246094,0.9813320636749268,1268.2156982421875,451.9328308105469,0.9655455350875854,933.121337890625,420.1037292480469,0.975208580493927,871.3516235351562,509.87713623046875,0.9116694927215576
904,1300.53173828125,344.2862854003906,0.9838557243347168,1170.8397216796875,343.54962158203125,0.980522871017456,1267.7626953125,452.5438537597656,0.969917893409729,933.273681640625,421.4417419433594,0.9741814136505127,868.2530517578125,508.44146728515625,0.9186867475509644
905,1300.42919921875,344.3924255371094,0.9827523231506348,1171.0816650390625,344.0697021484375,0.9830888509750366,1267.7783203125,453.125,0.972765326499939,932.5056762695312,424.7406005859375,0.9639251232147217,862.3572387695312,507.533203125,0.8559762835502625
906,1300.2841796875,344.2047119140625,0.9837502837181091,1171.2076416015625,344.392333984375,0.985641360282898,1268.2783203125,453.341064453125,0.97569340467453,932.6663208007812,426.4085388183594,0.975719690322876,858.4384765625,506.12652587890625,0.900214433670044
907,1300.367431640625,344.140869140625,0.9846670031547546,1171.2998046875,344.8184509277344,0.9871236085891724,1268.771728515625,453.51513671875,0.9745364189147949,933.5750122070312,428.35955810546875,0.9818874597549438,854.7884521484375,505.3662109375,0.9112213850021362
908,1300.283203125,343.32696533203125,0.9890838861465454,1171.4530029296875,344.7735290527344,0.9878891706466675,1269.6688232421875,453.0522155761719,0.9706078767776489,935.6632690429688,429.846923828125,0.979464054107666,853.320068359375,503.0190124511719,0.9142974615097046
909,1300.456298828125,342.3327331542969,0.9894264936447144,1171.47119140625,344.9305419921875,0.9876624345779419,1270.616943359375,452.809814453125,0.9650550484657288,937.2328491210938,431.1801452636719,0.9768612384796143,851.6009521484375,501.964111328125,0.9176820516586304
910,1300.7349853515625,340.68896484375,0.9877694249153137,1171.842529296875,344.7433166503906,0.9888039827346802,1273.440185546875,451.8671875,0.9569360017776489,938.2734985351562,433.38519287109375,0.9846600294113159,850.9236450195312,500.89349365234375,0.9103372097015381
911,1301.3056640625,339.0693359375,0.9853293895721436,1172.3016357421875,344.8006591796875,0.9897031784057617,1275.38671875,451.5265808105469,0.9622772932052612,941.4859619140625,435.41192626953125,0.9920539855957031,851.7085571289062,500.6864318847656,0.9123404622077942
912,1301.459716796875,337.8376770019531,0.9787949919700623,1172.7158203125,344.5740966796875,0.9893374443054199,1276.9017333984375,450.9674072265625,0.9585262537002563,948.3468017578125,435.16400146484375,0.982270359992981,853.1724243164062,500.1114196777344,0.9389054775238037
913,1302.1043701171875,336.7388916015625,0.9725606441497803,1173.402587890625,344.45330810546875,0.9868881702423096,1280.4501953125,450.8947448730469,0.9474130272865295,953.4940185546875,436.9809265136719,0.9893530607223511,854.4274291992188,498.5188903808594,0.9096015691757202
914,1303.1064453125,334.3010559082031,0.9785630702972412,1174.4486083984375,343.12603759765625,0.9839584827423096,1284.3797607421875,450.7227478027344,0.965580940246582,960.5322875976562,437.5946350097656,0.9796383380889893,861.5084838867188,495.83087158203125,0.9000422358512878
915,1303.3154296875,332.8880920410156,0.9808129072189331,1175.1898193359375,342.20782470703125,0.9843857288360596,1286.7296142578125,450.2638244628906,0.9568610191345215,969.0758666992188,435.7327575683594,0.9743734002113342,869.1929931640625,495.2493591308594,0.820347785949707
916,1303.6495361328125,331.6391296386719,0.9796909689903259,1176.1531982421875,342.0567932128906,0.9807790517807007,1290.68505859375,449.5642395019531,0.9615752696990967,979.2771606445312,431.4791564941406,0.9721900820732117,880.099853515625,494.5799865722656,0.8267568349838257
917,1305.3157958984375,329.76263427734375,0.9825465083122253,1177.4122314453125,342.05328369140625,0.9866857528686523,1293.993408203125,449.559814453125,0.9473352432250977,990.7566528320312,426.315185546875,0.9863966703414917,894.199462890625,495.0554504394531,0.8758128881454468
918,1306.340087890625,328.9181213378906,0.9810258150100708,1178.8394775390625,341.7747497558594,0.9885112047195435,1299.6900634765625,449.92828369140625,0.9719905257225037,1006.3243408203125,416.644287109375,0.9928538799285889,915.010986328125,497.5449523925781,0.804182767868042
919,1308.3271484375,327.2371826171875,0.9801959991455078,1180.3458251953125,341.3021240234375,0.9901446104049683,1302.884033203125,449.6814270019531,0.9585694670677185,1020.9805297851562,409.56549072265625,0.9939655065536499,938.7771606445312,497.4981994628906,0.9202041029930115
920,1309.8076171875,326.0228576660156,0.9818676710128784,1182.2972412109375,340.6904296875,0.9857590198516846,1307.1944580078125,448.2054443359375,0.9493093490600586,1033.8331298828125,402.90472412109375,0.9824036359786987,965.8219604492188,501.0494079589844,0.9073072075843811
921,1311.5994873046875,325.03192138671875,0.9814218878746033,1186.4122314453125,338.00732421875,0.9792430996894836,1311.2247314453125,446.9939880371094,0.9555126428604126,1049.4180908203125,396.8295593261719,0.9849456548690796,999.618896484375,502.2956237792969,0.8765661716461182
922,1312.9217529296875,323.8435363769531,0.9877765774726868,1188.415771484375,336.01129150390625,0.9833469390869141,1313.836181640625,445.582763671875,0.9775295257568359,1062.614990234375,393.527099609375,0.9820659160614014,1031.4638671875,505.4493408203125,0.8001871109008789
923,1314.4136962890625,322.00457763671875,0.9857003688812256,1191.1048583984375,333.4378662109375,0.9848214387893677,1316.9385986328125,443.6346130371094,0.9837549924850464,1074.5771484375,391.63836669921875,0.9818215370178223,1059.6737060546875,507.1597595214844,0.7626065015792847
924,1315.3538818359375,320.2115478515625,0.9777948260307312,1192.210693359375,330.490478515625,0.9824557900428772,1321.339599609375,441.46630859375,0.9701748490333557,1087.3856201171875,391.3824768066406,0.9828859567642212,1089.1859130859375,502.490478515625,0.8874170780181885
925,1316.6954345703125,316.24346923828125,0.9798460006713867,1193.922607421875,329.65008544921875,0.9812918901443481,1327.103759765625,437.9678649902344,0.9621932506561279,1094.53271484375,391.8809509277344,0.9629870057106018,1110.0413818359375,501.09423828125,0.9296202063560486
926,1317.5023193359375,313.32342529296875,0.9800260663032532,1195.227783203125,327.6812438964844,0.9794931411743164,1331.2283935546875,434.31878662109375,0.9695498943328857,1105.31494140625,393.5307312011719,0.972557008266449,1127.30908203125,498.5890197753906,0.894620418548584
927,1317.4730224609375,311.4569396972656,0.9854933023452759,1197.0640869140625,325.6356506347656,0.9845411777496338,1334.8878173828125,430.2108154296875,0.9747748374938965,1111.008544921875,396.0404357910156,0.9837045669555664,1141.427734375,499.4284973144531,0.9209968447685242
928,1318.2020263671875,309.1670837402344,0.9824173450469971,1198.9144287109375,324.29034423828125,0.9861377477645874,1342.91455078125,425.5200500488281,0.9565114974975586,1116.1248779296875,401.8516845703125,0.9686846137046814,1155.0841064453125,499.9607849121094,0.9322518110275269
929,1320.7652587890625,306.74676513671875,0.9795641899108887,1199.9715576171875,322.63909912109375,0.9876717329025269,1346.0333251953125,421.4559020996094,0.9731165766716003,1121.2528076171875,408.693359375,0.9721326231956482,1169.4403076171875,503.2541198730469,0.9214881658554077
930,1322.1773681640625,305.0997009277344,0.9824092388153076,1202.9527587890625,320.97344970703125,0.9882104992866516,1348.9317626953125,416.09820556640625,0.9686453342437744,1124.8251953125,416.1772766113281,0.9803621172904968,1183.067138671875,505.28472900390625,0.8874245882034302
931,1323.4146728515625,303.9116516113281,0.9794100522994995,1203.665283203125,319.6328430175781,0.9875659942626953,1351.81396484375,412.0726318359375,0.9777077436447144,1127.722900390625,425.7597961425781,0.9811595678329468,1195.4771728515625,508.6342468261719,0.9354792833328247
932,1323.6595458984375,301.1279602050781,0.9844392538070679,1203.9100341796875,319.0003356933594,0.9883990287780762,1356.0341796875,407.18896484375,0.9665442705154419,1131.5570068359375,434.1347351074219,0.9812873601913452,1205.6024169921875,511.4778747558594,0.9397047758102417
933,1323.9197998046875,299.1225280761719,0.9879884123802185,1203.899169921875,318.4151306152344,0.9902547001838684,1358.54052734375,403.0344543457031,0.9622827768325806,1136.8721923828125,442.3587646484375,0.983418345451355,1215.6595458984375,516.8145751953125,0.8853859901428223
934,1323.9617919921875,297.30218505859375,0.9883869886398315,1204.2327880859375,317.8744201660156,0.9896597862243652,1360.0604248046875,398.8160705566406,0.9595907926559448,1142.1004638671875,451.3255920410156,0.9739022254943848,1224.635986328125,520.4169311523438,0.9030977487564087
935,1324.1483154296875,296.0258483886719,0.984504222869873,1204.5277099609375,317.6641845703125,0.9902733564376831,1361.91552734375,396.39251708984375,0.981380045413971,1144.12255859375,460.96929931640625,0.9771210551261902,1234.0343017578125,524.6846923828125,0.9393115043640137
936,1324.892822265625,294.8822326660156,0.9872491359710693,1204.889892578125,317.45098876953125,0.9908720254898071,1363.2723388671875,394.3880920410156,0.982863187789917,1150.424072265625,470.0158386230469,0.9750264286994934,1244.036865234375,527.1292114257812,0.9441114068031311
937,1325.225341796875,293.87847900390625,0.9882208704948425,1205.301513671875,317.41156005859375,0.9907397627830505,1364.4892578125,392.8871154785156,0.9776661992073059,1155.6636962890625,474.95477294921875,0.9853852987289429,1250.87353515625,529.4617309570312,0.9442987442016602
938,1325.272216796875,293.01031494140625,0.9905097484588623,1205.4609375,317.6807556152344,0.9898879528045654,1365.1688232421875,392.219970703125,0.9769183397293091,1161.1746826171875,483.3291320800781,0.9684292078018188,1259.1949462890625,532.5018310546875,0.9424745440483093
939,1325.3175048828125,292.60235595703125,0.9894931316375732,1205.7734375,317.8711853027344,0.9896945953369141,1365.368896484375,391.602783203125,0.9782711267471313,1167.2100830078125,490.0781555175781,0.9744314551353455,1265.5570068359375,535.3033447265625,0.8909577131271362
940,1325.091064453125,292.5401306152344,0.9901098012924194,1205.751220703125,318.276611328125,0.9892868995666504,1365.3770751953125,391.2275695800781,0.9778474569320679,1170.464599609375,493.51116943359375,0.9721574783325195,1269.5047607421875,539.16015625,0.9331875443458557
941,1324.489501953125,292.5746765136719,0.9887248873710632,1205.8387451171875,318.5179748535156,0.9894627332687378,1365.3785400390625,391.4302062988281,0.9771729707717896,1174.6142578125,498.3806457519531,0.9677193760871887,1275.3759765625,542.2395629882812,0.9373302459716797
942,1323.9415283203125,293.04522705078125,0.9886343479156494,1205.7637939453125,319.184814453125,0.988228440284729,1365.06103515625,391.7652587890625,0.9788637161254883,1177.8907470703125,502.72259521484375,0.9765434265136719,1278.5513916015625,546.4209594726562,0.9304956197738647
943,1323.803466796875,293.3087463378906,0.9870482683181763,1205.6785888671875,319.7345886230469,0.9873663187026978,1364.1741943359375,392.326904296875,0.9777417182922363,1181.110107421875,505.5741271972656,0.982292890548706,1280.9444580078125,550.8106689453125,0.8937293291091919
944,1323.12353515625,294.447021484375,0.9878570437431335,1205.144287109375,319.9635925292969,0.98918217420578,1362.6292724609375,393.46441650390625,0.9828951358795166,1180.881591796875,508.0618896484375,0.9806790351867676,1280.74951171875,553.726318359375,0.904596209526062
945,1322.015380859375,295.2997131347656,0.9863399267196655,1204.919921875,320.7460632324219,0.9888087511062622,1361.5445556640625,395.0611267089844,0.9839351177215576,1178.0809326171875,508.115966796875,0.9756772518157959,1278.4881591796875,554.12109375,0.9006410241127014
946,1321.461181640625,296.30743408203125,0.9876337051391602,1204.5189208984375,321.6949768066406,0.9882110357284546,1360.0765380859375,396.74737548828125,0.9768142700195312,1174.612548828125,505.82183837890625,0.9790531396865845,1271.7298583984375,554.550537109375,0.9130371809005737
947,1320.9940185546875,296.7831115722656,0.9883995652198792,1203.88037109375,322.88494873046875,0.9889588952064514,1356.8409423828125,398.81134033203125,0.9591761827468872,1170.2689208984375,504.0908203125,0.9801332950592041,1267.761962890625,554.508056640625,0.9336719512939453
948,1320.93701171875,297.899169921875,0.9899351596832275,1203.6246337890625,323.68328857421875,0.9871432781219482,1356.4727783203125,402.09893798828125,0.9663208723068237,1167.0887451171875,503.34869384765625,0.979817271232605,1261.5694580078125,554.4563598632812,0.9230891466140747
949,1320.693115234375,299.62615966796875,0.9853169918060303,1203.0445556640625,324.7207336425781,0.9819576144218445,1354.970458984375,404.6147766113281,0.968275785446167,1163.35986328125,501.5425109863281,0.9830085635185242,1255.87109375,554.193359375,0.9280483722686768
950,1319.4901123046875,300.8767395019531,0.9826422929763794,1200.8126220703125,325.5575256347656,0.9738919138908386,1353.81201171875,406.3130798339844,0.9668477773666382,1160.076904296875,499.4101867675781,0.9603613018989563,1252.4476318359375,554.99462890625,0.9389511346817017
951,1318.73828125,301.3365478515625,0.983980655670166,1199.1116943359375,326.3362121582031,0.9788471460342407,1351.0557861328125,408.9311828613281,0.9723302125930786,1156.5677490234375,498.107421875,0.965116024017334,1248.5286865234375,555.5125732421875,0.9111471772193909
952,1317.9105224609375,301.9754943847656,0.9843713045120239,1197.668701171875,326.8629455566406,0.9791538715362549,1349.57470703125,409.58135986328125,0.9810678958892822,1151.913818359375,498.4733581542969,0.9758976697921753,1243.0062255859375,555.3575439453125,0.9387397766113281
953,1316.8856201171875,302.48065185546875,0.9827431440353394,1196.1798095703125,327.6092834472656,0.9803583025932312,1347.95947265625,410.5775451660156,0.9836721420288086,1147.007080078125,497.6597595214844,0.9709995985031128,1236.9771728515625,554.9945068359375,0.9421695470809937
954,1316.32568359375,303.155517578125,0.9807547926902771,1194.7705078125,327.4711608886719,0.9799400568008423,1346.6177978515625,411.3806457519531,0.9832065105438232,1142.22412109375,495.1907653808594,0.9683723449707031,1233.7935791015625,555.6047973632812,0.912967324256897
955,1315.09130859375,304.32733154296875,0.9847089648246765,1193.5772705078125,327.897705078125,0.9752352833747864,1345.3406982421875,412.18505859375,0.9811844825744629,1139.4732666015625,493.98583984375,0.9770479202270508,1228.06689453125,555.669189453125,0.9295059442520142
956,1314.26708984375,305.2674255371094,0.9890833497047424,1192.7183837890625,327.5497741699219,0.9691416025161743,1343.681396484375,413.1770935058594,0.9730459451675415,1137.146728515625,493.29095458984375,0.9743626117706299,1222.8221435546875,554.99365234375,0.9470531940460205
957,1313.61376953125,305.573486328125,0.9897006750106812,1191.6998291015625,328.0259704589844,0.9724643230438232,1339.765380859375,413.9529724121094,0.9657055139541626,1133.0626220703125,493.0115051269531,0.9729534387588501,1219.74658203125,555.0942993164062,0.9414984583854675
958,1312.7701416015625,305.52557373046875,0.9883890748023987,1190.8231201171875,328.489013671875,0.9797238111495972,1337.9310302734375,414.7692565917969,0.9617760181427002,1130.266845703125,491.6701965332031,0.9779967069625854,1216.6552734375,555.730712890625,0.8908165097236633
959,1312.3572998046875,305.8619689941406,0.9873687028884888,1189.9947509765625,328.6581115722656,0.984429121017456,1336.2916259765625,415.7848815917969,0.9478402137756348,1126.7093505859375,490.0348205566406,0.9839873313903809,1211.0924072265625,555.6699829101562,0.9213396310806274
960,1311.9622802734375,306.0259094238281,0.9875400066375732,1189.41015625,328.9693298339844,0.9862684607505798,1335.1185302734375,417.2974853515625,0.9532923102378845,1122.1268310546875,489.188232421875,0.980716347694397,1205.3006591796875,555.1279907226562,0.9409329891204834
961,1311.6998291015625,306.1380615234375,0.9861180782318115,1188.353271484375,329.9835510253906,0.9885787963867188,1334.107177734375,417.8416442871094,0.9653823375701904,1119.1029052734375,488.1670837402344,0.976286768913269,1202.001953125,555.6846923828125,0.9072815179824829
962,1310.6357421875,305.45513916015625,0.9860974550247192,1187.8365478515625,330.97015380859375,0.9900909662246704,1333.31982421875,418.81707763671875,0.9733394384384155,1114.9090576171875,486.9223327636719,0.9838215112686157,1196.555908203125,555.3424682617188,0.9208433032035828
963,1310.4656982421875,305.53900146484375,0.9864269495010376,1187.7991943359375,331.6456604003906,0.9896788001060486,1332.390625,419.36737060546875,0.9767796993255615,1110.7239990234375,484.6670837402344,0.981526255607605,1190.228759765625,554.6512451171875,0.9404585361480713
964,1310.1715087890625,305.5704650878906,0.98622065782547,1188.1729736328125,332.3067626953125,0.988204836845398,1331.7015380859375,420.2814025878906,0.9809210300445557,1108.0855712890625,483.7411804199219,0.9809314012527466,1187.603271484375,555.0122680664062,0.9294495582580566
965,1310.25439453125,305.49542236328125,0.9862540364265442,1188.3883056640625,332.4019470214844,0.988624095916748,1331.31640625,420.46197509765625,0.9809350967407227,1104.109619140625,484.0643310546875,0.9834388494491577,1185.1226806640625,555.1664428710938,0.9056090116500854
966,1310.7841796875,305.5985107421875,0.9856575727462769,1188.611328125,332.68670654296875,0.9874035120010376,1331.1334228515625,420.74072265625,0.9800180792808533,1101.4393310546875,482.1822509765625,0.9873999953269958,1181.326171875,555.0015258789062,0.8997784852981567
967,1311.799072265625,305.8891296386719,0.9868383407592773,1189.0438232421875,332.6200866699219,0.9881218671798706,1330.9542236328125,420.7411193847656,0.9787852764129639,1098.76904296875,481.03009033203125,0.9802231788635254,1174.7132568359375,554.58154296875,0.9335117936134338
968,1312.2099609375,305.51397705078125,0.9872070550918579,1188.932373046875,332.8363037109375,0.9880712628364563,1330.8885498046875,420.975830078125,0.979840874671936,1095.389892578125,479.33270263671875,0.9811162352561951,1171.5047607421875,554.791015625,0.9233256578445435
969,1312.7705078125,305.58782958984375,0.988936722278595,1189.676025390625,332.8550720214844,0.9873112440109253,1331.0484619140625,420.8769226074219,0.9802505970001221,1093.6275634765625,477.7336120605469,0.9841336607933044,1169.4287109375,555.02392578125,0.8896375894546509
970,1312.9920654296875,305.1852722167969,0.9883331060409546,1190.2281494140625,333.1869812011719,0.9853488206863403,1331.3853759765625,421.1085510253906,0.9815179109573364,1091.6790771484375,475.449951171875,0.9844532012939453,1163.6737060546875,554.627197265625,0.9177140593528748
971,1313.72119140625,305.1100769042969,0.9898891448974609,1191.1085205078125,333.3326416015625,0.9846960306167603,1331.8038330078125,421.02764892578125,0.9824227094650269,1089.10107421875,473.20703125,0.9794105291366577,1157.3006591796875,554.6920776367188,0.9300211668014526
972,1314.406982421875,304.7562561035156,0.9882348775863647,1191.7720947265625,333.2262878417969,0.9812068343162537,1332.06689453125,421.06683349609375,0.9827072620391846,1086.1019287109375,472.1043701171875,0.9750761985778809,1153.8677978515625,554.8123168945312,0.9162891507148743
973,1314.97998046875,304.633544921875,0.9867112636566162,1192.674560546875,332.7980041503906,0.9775880575180054,1332.3709716796875,421.0699768066406,0.9837219715118408,1083.0445556640625,472.7131042480469,0.9826797246932983,1149.158203125,554.1689453125,0.9265058636665344
974,1315.5655517578125,304.16119384765625,0.9811195135116577,1193.5517578125,331.83734130859375,0.977797269821167,1332.59033203125,421.1390075683594,0.9835242033004761,1080.28857421875,469.245361328125,0.9692855477333069,1143.57470703125,554.1495361328125,0.9272611141204834
975,1317.036865234375,303.30767822265625,0.9829827547073364,1194.0885009765625,331.1455078125,0.9804781675338745,1332.84326171875,421.1400146484375,0.9829403162002563,1078.4163818359375,467.7757568359375,0.9744213819503784,1139.797119140625,554.0982055664062,0.9364070296287537
976,1317.8731689453125,302.1658020019531,0.9809280633926392,1194.365234375,330.4877014160156,0.9840995073318481,1332.95458984375,420.7938537597656,0.9832144975662231,1076.2261962890625,466.1276550292969,0.9700947999954224,1137.1143798828125,554.6290283203125,0.9076035618782043
977,1318.4375,301.24224853515625,0.979738175868988,1194.745849609375,330.11712646484375,0.9823206067085266,1333.0616455078125,420.1238098144531,0.9820842742919922,1071.678466796875,465.0888671875,0.9779173135757446,1131.3828125,554.0448608398438,0.9388943314552307
978,1319.013427734375,300.0321960449219,0.979400634765625,1195.212646484375,329.71478271484375,0.9756089448928833,1333.11962890625,419.22808837890625,0.9806320667266846,1069.40478515625,463.25897216796875,0.978425145149231,1126.5260009765625,554.0792846679688,0.9435479044914246
979,1320.40625,298.6373596191406,0.9825875163078308,1196.347900390625,328.8402099609375,0.969473659992218,1333.271484375,418.0532531738281,0.9772990942001343,1067.3857421875,461.1277160644531,0.9801424741744995,1122.36328125,554.0722045898438,0.9276793003082275
980,1321.4698486328125,297.2223815917969,0.9852950572967529,1198.115234375,327.04925537109375,0.9779009819030762,1333.7664794921875,417.53753662109375,0.9739699363708496,1063.8880615234375,459.03717041015625,0.9813954830169678,1118.0277099609375,554.0257568359375,0.928241491317749
981,1323.8330078125,296.7431335449219,0.985363245010376,1199.9345703125,325.5948181152344,0.9777545928955078,1334.0113525390625,416.65570068359375,0.9742188453674316,1060.7637939453125,456.88958740234375,0.9863067269325256,1113.9940185546875,554.0603637695312,0.9388406872749329
982,1325.210205078125,295.74884033203125,0.9828025102615356,1202.7762451171875,323.923828125,0.9825934767723083,1335.029052734375,415.0238952636719,0.9752638339996338,1058.3134765625,455.7750244140625,0.9765246510505676,1107.3612060546875,553.5220336914062,0.9457473158836365
983,1327.084716796875,294.56988525390625,0.9839871525764465,1204.368896484375,322.47314453125,0.987328052520752,1336.0355224609375,413.8670654296875,0.9754916429519653,1055.675537109375,455.32086181640625,0.9691404700279236,1103.244140625,553.6876220703125,0.9091793298721313
984,1329.1439208984375,293.79522705078125,0.9897915124893188,1206.0511474609375,321.2542419433594,0.9864073991775513,1337.0369873046875,412.92962646484375,0.9746512174606323,1053.957275390625,454.354248046875,0.9765456914901733,1098.90234375,553.2935791015625,0.9386413097381592
985,1331.061767578125,292.3450622558594,0.9905216693878174,1207.7576904296875,320.2887268066406,0.9870505332946777,1338.2757568359375,411.4437561035156,0.977486252784729,1051.66064453125,452.1094970703125,0.98299640417099,1095.141357421875,553.0036010742188,0.9456167221069336
986,1332.4820556640625,291.4287109375,0.9867236018180847,1209.212646484375,318.5751953125,0.9891726970672607,1339.6099853515625,409.9145812988281,0.9705339670181274,1049.216552734375,450.43328857421875,0.9754921197891235,1090.5,550.990478515625,0.927588939666748
987,1334.2913818359375,290.42913818359375,0.9775369167327881,1210.580810546875,317.6483459472656,0.9898055791854858,1341.1353759765625,408.5986022949219,0.9571921825408936,1047.1600341796875,449.1242980957031,0.9636107683181763,1086.380126953125,551.2265014648438,0.9084746837615967
988,1338.0716552734375,288.6586608886719,0.981615424156189,1211.6907958984375,316.50885009765625,0.9897129535675049,1343.197998046875,407.4444885253906,0.9640941619873047,1045.29345703125,447.1532897949219,0.9724828004837036,1082.3548583984375,551.880615234375,0.92108154296875
989,1340.3175048828125,287.9922790527344,0.9822438359260559,1212.770751953125,315.6683654785156,0.9892458915710449,1343.4871826171875,406.0149841308594,0.9657074809074402,1043.5289306640625,444.639404296875,0.9764649868011475,1077.6131591796875,550.0988159179688,0.9520703554153442
990,1342.612548828125,286.1562194824219,0.9743615388870239,1215.874755859375,314.2590637207031,0.9827971458435059,1343.6192626953125,404.1948547363281,0.9622076749801636,1042.1385498046875,443.6231689453125,0.9741311073303223,1072.858154296875,548.8993530273438,0.9256757497787476
991,1344.3778076171875,284.9652099609375,0.978624701499939,1218.31884765625,312.4646301269531,0.9827295541763306,1343.4091796875,402.76690673828125,0.9589775204658508,1039.6419677734375,443.130126953125,0.9661850333213806,1067.88720703125,549.1675415039062,0.931376576423645
992,1346.2886962890625,283.2171630859375,0.9814022779464722,1220.4468994140625,310.6169738769531,0.9826356172561646,1344.4169921875,401.4870910644531,0.9549541473388672,1038.3121337890625,442.3330993652344,0.9790736436843872,1062.5306396484375,548.8529052734375,0.9304936528205872
993,1348.515869140625,282.09814453125,0.9838396310806274,1222.1998291015625,309.3281555175781,0.9861350059509277,1345.2177734375,399.31866455078125,0.9661521911621094,1035.3453369140625,441.8119201660156,0.9815585017204285,1059.6318359375,548.707763671875,0.9387587308883667
994,1349.338134765625,281.1153564453125,0.981697678565979,1223.16259765625,308.02117919921875,0.9841618537902832,1345.9573974609375,398.2544250488281,0.9727883338928223,1033.7208251953125,440.8616027832031,0.9780553579330444,1055.081298828125,548.5731811523438,0.9015322327613831
995,1351.401611328125,280.84014892578125,0.9801287651062012,1225.052734375,306.01800537109375,0.9902377128601074,1347.6312255859375,397.39239501953125,0.9768863916397095,1033.1324462890625,438.80853271484375,0.9637855887413025,1051.0743408203125,548.3446044921875,0.9203566312789917
996,1353.9539794921875,279.16973876953125,0.9828460812568665,1227.0003662109375,304.85736083984375,0.9914928078651428,1349.2576904296875,395.9944763183594,0.9802665114402771,1030.178955078125,437.6159362792969,0.9670592546463013,1045.6451416015625,547.3363037109375,0.9266636371612549
997,1356.1097412109375,277.8413391113281,0.9853338003158569,1228.560791015625,304.4484558105469,0.9920588731765747,1349.869384765625,395.2319030761719,0.9812759757041931,1028.1383056640625,436.9197998046875,0.9695211052894592,1041.869140625,546.6046752929688,0.9190114140510559
998,1357.8499755859375,277.7562561035156,0.9819860458374023,1229.9500732421875,304.00732421875,0.9913054704666138,1350.634765625,394.33428955078125,0.9811549186706543,1026.9927978515625,435.308349609375,0.9687618613243103,1038.0599365234375,546.6165161132812,0.9115290641784668
999,1360.74169921875,278.3409729003906,0.9853843450546265,1232.003173828125,303.66729736328125,0.9851950407028198,1351.34375,393.806640625,0.979202389717102,1025.39111328125,435.4030456542969,0.969375491142273,1035.1318359375,546.2371826171875,0.9051847457885742
