scorer,DLC_resnet50_cb4_networkMar13shuffle1_200000,DLC_resnet50_cb4_networkMar13shuffle1_200000,DLC_resnet50_cb4_networkMar13shuffle1_200000,DLC_resnet50_cb4_networkMar13shuffle1_200000,DLC_resnet50_cb4_networkMar13shuffle1_200000,DLC_resnet50_cb4_networkMar13shuffle1_200000,DLC_resnet50_cb4_networkMar13shuffle1_200000,DLC_resnet50_cb4_networkMar13shuffle1_200000,DLC_resnet50_cb4_networkMar13shuffle1_200000,DLC_resnet50_cb4_networkMar13shuffle1_200000,DLC_resnet50_cb4_networkMar13shuffle1_200000,DLC_resnet50_cb4_networkMar13shuffle1_200000,DLC_resnet50_cb4_networkMar13shuffle1_200000,DLC_resnet50_cb4_networkMar13shuffle1_200000,DLC_resnet50_cb4_networkMar13shuffle1_200000
bodyparts,ASIS,ASIS,ASIS,Hip,Hip,Hip,Knee,Knee,Knee,Ankle,Ankle,Ankle,Toe,Toe,Toe
coords,x,y,likelihood,x,y,likelihood,x,y,likelihood,x,y,likelihood,x,y,likelihood
0,423.5920104980469,249.48680114746094,0.9812195301055908,298.6120910644531,313.8853454589844,0.9914287328720093,359.51263427734375,492.4723205566406,0.9833794832229614,198.2850341796875,450.2002868652344,0.9831732511520386,195.90087890625,573.3318481445312,0.8677256107330322
1,425.3674011230469,249.70004272460938,0.9851347208023071,301.6500549316406,311.71990966796875,0.9850202798843384,368.1899108886719,490.9214782714844,0.9797335863113403,204.5601806640625,447.2438049316406,0.9885468482971191,213.26031494140625,566.8784790039062,0.8709340691566467
2,430.7134094238281,247.13198852539062,0.9720907807350159,305.3775634765625,310.26416015625,0.9821194410324097,373.2861328125,490.4747314453125,0.9904533624649048,212.0121307373047,443.1058044433594,0.9894301295280457,227.70030212402344,557.765869140625,0.9383771419525146
3,433.64031982421875,245.22254943847656,0.9899191856384277,308.4068603515625,308.24029541015625,0.9915897846221924,376.945068359375,490.269775390625,0.975332498550415,219.5857696533203,443.948486328125,0.9892956018447876,242.6833038330078,555.7461547851562,0.9238334894180298
4,437.5994567871094,244.51466369628906,0.9860966205596924,311.66241455078125,307.5122375488281,0.9877476692199707,384.00506591796875,488.3949279785156,0.9793978929519653,227.79837036132812,440.4933776855469,0.9881927967071533,258.1791076660156,554.3696899414062,0.8409732580184937
5,441.3692626953125,240.83946228027344,0.9782165884971619,314.6075744628906,305.9969482421875,0.9934261441230774,389.17254638671875,486.79742431640625,0.9873270988464355,235.51853942871094,441.58087158203125,0.9917330741882324,271.4203796386719,548.9735107421875,0.8777506947517395
6,444.0926818847656,239.68516540527344,0.9836990833282471,318.3093566894531,306.70013427734375,0.9920632839202881,395.7137451171875,483.821533203125,0.9888814091682434,243.8767852783203,439.949951171875,0.9867056608200073,285.32354736328125,547.0368041992188,0.908492922782898
7,447.30511474609375,238.2411346435547,0.982744574546814,322.4129333496094,304.0189208984375,0.9865784645080566,402.23614501953125,482.2296447753906,0.9851677417755127,252.04519653320312,442.1028747558594,0.9901644587516785,299.60614013671875,546.3939819335938,0.9186205267906189
8,450.2029724121094,237.78761291503906,0.9898817539215088,327.0685729980469,303.180908203125,0.9819365739822388,407.744384765625,481.0186767578125,0.9810287952423096,259.82403564453125,442.2921142578125,0.9894752502441406,314.2508239746094,543.8331298828125,0.9067814350128174
9,454.10498046875,237.1684112548828,0.9902682304382324,329.43621826171875,302.2797546386719,0.9888625741004944,411.9236145019531,479.8215637207031,0.9783414602279663,269.0514831542969,445.67718505859375,0.9867680668830872,326.3096618652344,543.14990234375,0.8515259027481079
10,457.8722839355469,235.87884521484375,0.98390132188797,334.4319152832031,302.4006652832031,0.9862240552902222,418.4961242675781,479.8735656738281,0.9839694499969482,278.1289978027344,446.087890625,0.9855631589889526,338.6857604980469,540.254638671875,0.9068202972412109
11,463.3429870605469,233.7379608154297,0.9761497378349304,339.4852600097656,302.1488342285156,0.989367663860321,425.32037353515625,478.5766906738281,0.9825321435928345,288.76287841796875,452.83526611328125,0.9870925545692444,350.4355773925781,540.0108642578125,0.9230002164840698
12,470.252197265625,234.43099975585938,0.9753192663192749,344.2582702636719,301.2273254394531,0.9871417880058289,431.62664794921875,478.948974609375,0.983863890171051,297.8196716308594,457.1192321777344,0.9892410039901733,365.58074951171875,540.9217529296875,0.9310095310211182
13,477.6957702636719,233.70230102539062,0.9521336555480957,348.34259033203125,301.5213928222656,0.9898571968078613,441.4600830078125,476.835205078125,0.9901061058044434,306.1932678222656,459.54168701171875,0.9939653873443604,374.4729309082031,539.440185546875,0.9593651294708252
14,479.76910400390625,233.34780883789062,0.9786654710769653,352.6775817871094,302.4992980957031,0.9847748279571533,448.7568054199219,477.8998718261719,0.9872074723243713,318.8625793457031,465.2355041503906,0.9958878755569458,388.1309509277344,541.1177978515625,0.9609208106994629
15,483.4832763671875,234.26849365234375,0.9785476922988892,357.9451599121094,302.9834899902344,0.9876378774642944,457.48358154296875,476.52008056640625,0.9918105602264404,330.0501708984375,472.0143127441406,0.9867112636566162,401.7182922363281,544.01953125,0.92641282081604
16,487.8326721191406,234.5203399658203,0.9194968342781067,361.4806823730469,302.35888671875,0.9902957677841187,465.5287780761719,478.1416931152344,0.9923232793807983,339.7841491699219,474.56341552734375,0.9960792064666748,415.9839782714844,547.6271362304688,0.9194252490997314
17,491.63641357421875,234.85752868652344,0.9770493507385254,366.7990417480469,304.7431945800781,0.9908207058906555,473.2752685546875,477.7706298828125,0.9913901686668396,352.06744384765625,481.6045227050781,0.9910569190979004,428.2542724609375,549.8447875976562,0.9373935461044312
18,495.2713317871094,236.72445678710938,0.9853214025497437,371.5355224609375,304.197021484375,0.9898418188095093,483.2534484863281,478.631103515625,0.9932205080986023,362.7403869628906,487.1322937011719,0.9851815700531006,438.53863525390625,554.9796752929688,0.9252535104751587
19,498.3700866699219,237.5285186767578,0.9904667139053345,375.8011779785156,307.1092834472656,0.9877674579620361,490.98712158203125,479.373046875,0.9855960607528687,373.2120056152344,490.8828125,0.9935133457183838,450.4231262207031,559.6398315429688,0.919185996055603
20,500.52886962890625,240.22958374023438,0.9882339239120483,380.494384765625,309.49560546875,0.991302490234375,497.1970520019531,484.1531982421875,0.9950888156890869,382.7901611328125,497.9090270996094,0.9891297817230225,461.69915771484375,565.8046264648438,0.903301477432251
21,505.65203857421875,241.25588989257812,0.9866853952407837,384.0163269042969,313.45672607421875,0.9860841631889343,505.3822326660156,486.13653564453125,0.991840124130249,393.2822265625,505.7673645019531,0.9862104058265686,470.4508056640625,572.4266357421875,0.935045599937439
22,509.82171630859375,242.25772094726562,0.9848508238792419,389.70172119140625,316.9815673828125,0.9930134415626526,511.79437255859375,490.4335021972656,0.9941420555114746,401.4738464355469,509.7618408203125,0.9879270792007446,478.0755310058594,581.1548461914062,0.8973145484924316
23,511.8495178222656,246.92080688476562,0.9867637157440186,392.6553955078125,319.4910888671875,0.9902632236480713,517.1865844726562,494.6117248535156,0.9923199415206909,409.8407897949219,517.2006225585938,0.9827558994293213,485.28314208984375,589.1339111328125,0.951805591583252
24,517.2235717773438,249.50018310546875,0.9931352138519287,397.2222595214844,325.1266174316406,0.9918639659881592,522.5934448242188,498.8624267578125,0.989903450012207,413.5547790527344,521.9439697265625,0.9916454553604126,484.6617736816406,591.7537231445312,0.9333677291870117
25,518.889404296875,253.84747314453125,0.9930933713912964,400.44842529296875,330.45599365234375,0.9902162551879883,526.7398071289062,504.1247253417969,0.9862521886825562,414.07061767578125,522.3600463867188,0.9931131601333618,482.2835693359375,595.1728515625,0.9190710783004761
26,520.2315673828125,257.8889465332031,0.991412341594696,405.4176330566406,335.9660339355469,0.988715648651123,528.5469360351562,509.16217041015625,0.9885809421539307,412.79437255859375,522.5613403320312,0.9938442707061768,478.5514221191406,597.1987915039062,0.9255485534667969
27,522.2835083007812,262.90789794921875,0.9926387071609497,408.3412170410156,340.0060119628906,0.9870297908782959,529.6605834960938,515.0140991210938,0.9909634590148926,408.70147705078125,521.1178588867188,0.9903485774993896,473.9667663574219,598.6957397460938,0.9390565156936646
28,526.9230346679688,266.1806640625,0.9817885160446167,409.7183532714844,345.3553161621094,0.9904950261116028,531.077392578125,518.8091430664062,0.990284264087677,402.7602844238281,521.4847412109375,0.9932283759117126,466.35125732421875,599.7998046875,0.9108932614326477
29,529.5741577148438,270.4947509765625,0.9906096458435059,412.2405090332031,350.16455078125,0.9918900728225708,528.4450073242188,523.3240966796875,0.9900918006896973,398.8583068847656,523.4229736328125,0.9937680959701538,462.3649597167969,600.7957153320312,0.9020979404449463
30,530.4172973632812,273.4517822265625,0.9948880672454834,413.57843017578125,353.2693786621094,0.9937458038330078,526.0663452148438,525.3639526367188,0.9888573884963989,392.3656311035156,524.0612182617188,0.988895058631897,458.4318542480469,602.0921020507812,0.9173047542572021
31,532.3360595703125,276.4801940917969,0.9946240186691284,414.8851623535156,355.6754150390625,0.9911187887191772,524.79345703125,527.882080078125,0.9845211505889893,389.1421813964844,521.0708618164062,0.994109034538269,453.2840270996094,602.8250732421875,0.9130095839500427
32,533.0801391601562,277.7033386230469,0.9955703020095825,415.3551025390625,357.619873046875,0.9885776042938232,522.9960327148438,528.8546142578125,0.9850831627845764,386.3006896972656,520.4659423828125,0.9908425807952881,449.3553466796875,603.0306396484375,0.8866859674453735
33,534.3831787109375,278.55096435546875,0.9940636157989502,415.4581604003906,358.85833740234375,0.9870860576629639,520.6873168945312,530.2041625976562,0.9825571775436401,384.1814880371094,520.9989624023438,0.9899255633354187,444.39154052734375,602.2779541015625,0.9070369005203247
34,533.9754028320312,278.4899597167969,0.9936834573745728,415.4805908203125,358.8618469238281,0.9856409430503845,518.4153442382812,531.4521484375,0.989825963973999,381.174072265625,520.8761596679688,0.9892635941505432,438.5921630859375,603.1321411132812,0.9202516078948975
35,534.5736694335938,277.77880859375,0.9923985004425049,415.4836120605469,358.0586242675781,0.986894965171814,516.1302490234375,530.69580078125,0.9889951944351196,377.2348937988281,519.3944091796875,0.9797929525375366,434.0633239746094,602.7645263671875,0.9186899662017822
36,535.7196044921875,276.7744140625,0.9907933473587036,415.6463623046875,356.1827392578125,0.9894957542419434,513.320068359375,529.28564453125,0.9865623712539673,374.6974182128906,515.9571533203125,0.9899437427520752,428.5618896484375,601.4087524414062,0.8822511434555054
37,536.9268798828125,275.6496276855469,0.9929561614990234,415.44720458984375,354.5337219238281,0.9912298917770386,509.4801025390625,527.1410522460938,0.9786494970321655,371.85986328125,514.1759643554688,0.9916977882385254,426.5283203125,602.4041748046875,0.9165499210357666
38,537.4790649414062,274.0137939453125,0.9936480522155762,415.4275817871094,352.8402099609375,0.9913763999938965,506.24456787109375,525.5865478515625,0.9898302555084229,368.43402099609375,513.148681640625,0.9905956983566284,419.83544921875,602.7080078125,0.9313517808914185
39,538.119873046875,272.4091491699219,0.9922299385070801,415.2303771972656,351.327880859375,0.9868427515029907,503.5641174316406,524.0130004882812,0.9847443103790283,365.92376708984375,511.3211669921875,0.9879697561264038,416.66107177734375,602.3319702148438,0.9102203845977783
40,538.817626953125,271.1891174316406,0.9897946119308472,415.57025146484375,348.43939208984375,0.9887077808380127,502.2857971191406,523.3134765625,0.991417407989502,363.39862060546875,510.9455261230469,0.9908984899520874,411.1417236328125,600.2742309570312,0.9325571060180664
41,540.6685791015625,269.1047058105469,0.9895915985107422,415.1642761230469,345.7518005371094,0.9852485656738281,501.117431640625,522.0792846679688,0.9926177263259888,360.20428466796875,508.25555419921875,0.9936524629592896,405.2833557128906,601.6329956054688,0.9394476413726807
42,542.6825561523438,267.68646240234375,0.9862076640129089,416.1571960449219,344.1075744628906,0.9800143837928772,499.2547912597656,520.2496948242188,0.9912300109863281,360.94488525390625,506.6756591796875,0.9913086891174316,401.4803771972656,599.8763427734375,0.9176301956176758
43,543.3258666992188,267.0218200683594,0.9859973192214966,418.5871887207031,341.95538330078125,0.9863593578338623,498.51739501953125,517.7837524414062,0.9904741048812866,358.18316650390625,504.15325927734375,0.9918259382247925,399.0229187011719,600.2791137695312,0.9055987596511841
44,545.3317260742188,265.67169189453125,0.9886044263839722,419.33831787109375,340.3056640625,0.9907419085502625,497.29962158203125,516.28564453125,0.9912956953048706,356.43505859375,503.07794189453125,0.9918810129165649,395.66546630859375,599.6007080078125,0.9407936334609985
45,545.9118041992188,264.3658752441406,0.9831595420837402,420.4848327636719,338.2909851074219,0.9922969937324524,494.79034423828125,514.3624877929688,0.9871300458908081,354.80218505859375,502.03680419921875,0.9857904314994812,390.678466796875,598.0242919921875,0.9430692195892334
46,546.4243774414062,264.3779602050781,0.9886654615402222,421.77484130859375,336.9305419921875,0.9919345378875732,493.7148742675781,513.147705078125,0.9848498702049255,353.4386291503906,501.4790344238281,0.9870360493659973,385.4335021972656,597.8992919921875,0.9323580861091614
47,547.5188598632812,263.5664978027344,0.9925553798675537,422.6734619140625,335.4166259765625,0.9861241579055786,491.01837158203125,509.94989013671875,0.986757755279541,351.71551513671875,499.5820617675781,0.9924799203872681,382.6129150390625,598.7410278320312,0.9322208166122437
48,548.2530517578125,262.93328857421875,0.9934601187705994,422.9748229980469,334.50732421875,0.9825832843780518,490.52886962890625,508.0815734863281,0.9917538166046143,349.666748046875,498.2591552734375,0.9918578267097473,378.6428527832031,597.5302124023438,0.9618903994560242
49,548.6821899414062,262.0451965332031,0.9918175935745239,424.1114501953125,332.89300537109375,0.9827319383621216,491.0090026855469,507.5190124511719,0.9924724102020264,348.3580322265625,496.3497314453125,0.9914350509643555,372.6351013183594,595.46826171875,0.9628217220306396
50,550.2197875976562,261.355712890625,0.9882509708404541,425.9743957519531,331.8507995605469,0.9881209135055542,489.24530029296875,506.3108825683594,0.9904749393463135,346.81591796875,494.690673828125,0.9911118745803833,368.7007751464844,595.4732666015625,0.9482439160346985
51,551.4938354492188,259.4111633300781,0.9906269311904907,426.8172302246094,331.0879821777344,0.9917530417442322,488.2172546386719,505.8685607910156,0.9848453402519226,344.0852966308594,493.0167236328125,0.9922220706939697,365.4579162597656,594.8187255859375,0.9542233943939209
52,552.7401733398438,259.1318054199219,0.9904770851135254,428.0485534667969,329.86602783203125,0.9906818866729736,488.0837097167969,504.6525573730469,0.9806418418884277,343.5841064453125,492.1995544433594,0.9927653074264526,363.15087890625,595.208251953125,0.9539464712142944
53,554.56005859375,258.5738830566406,0.9910835027694702,429.3790588378906,329.82470703125,0.9863966703414917,487.4004821777344,502.0322570800781,0.9861681461334229,344.4402160644531,490.14404296875,0.9910079836845398,358.5074462890625,594.109375,0.9594177007675171
54,556.3845825195312,258.1613464355469,0.9920982122421265,431.39178466796875,328.6114196777344,0.9784188270568848,487.30023193359375,500.3500671386719,0.984135627746582,342.8757019042969,489.15667724609375,0.9908952713012695,353.7882995605469,593.2540893554688,0.9479987621307373
55,557.6516723632812,258.6553649902344,0.9918664693832397,433.8863830566406,327.9082946777344,0.9828135967254639,487.3719787597656,498.60693359375,0.9811582565307617,340.9961242675781,487.5250244140625,0.9905612468719482,350.0862121582031,592.8759765625,0.9641903638839722
56,559.412109375,259.766357421875,0.9909499883651733,437.1648864746094,327.2701110839844,0.9895881414413452,488.3241271972656,494.2186279296875,0.9779794216156006,341.29315185546875,487.1497497558594,0.9890758991241455,347.80810546875,592.493408203125,0.9552304744720459
57,560.8211669921875,260.9080505371094,0.9921045303344727,438.9266357421875,327.29937744140625,0.9882477521896362,489.5616455078125,492.8492126464844,0.9854512214660645,341.0688171386719,485.72589111328125,0.9898561239242554,343.8251647949219,591.4756469726562,0.9523631930351257
58,562.9105224609375,261.2685546875,0.9900927543640137,441.0948181152344,327.4322814941406,0.9850564002990723,490.8072204589844,492.1217346191406,0.9883559942245483,340.63336181640625,484.54779052734375,0.9909660816192627,338.8652648925781,590.64794921875,0.9555029273033142
59,564.501220703125,262.0172119140625,0.9868204593658447,442.6718444824219,327.9387512207031,0.9871035814285278,491.0745544433594,491.9035339355469,0.9891729354858398,340.827392578125,483.428955078125,0.9908739328384399,336.2263488769531,590.1936645507812,0.9403796195983887
60,566.0518188476562,263.3560485839844,0.9764770269393921,444.1644287109375,328.577392578125,0.984761655330658,491.2852783203125,491.87371826171875,0.9882757067680359,340.7032775878906,482.412841796875,0.9887793064117432,332.3626708984375,588.9769897460938,0.9578112363815308
61,568.4031372070312,264.0481262207031,0.9792947769165039,446.7868347167969,329.3017578125,0.9802976846694946,492.2783508300781,491.7666931152344,0.9868054389953613,339.97607421875,481.22357177734375,0.988536536693573,330.6877746582031,589.3853149414062,0.9601287841796875
62,570.1593627929688,265.4075012207031,0.9844878911972046,449.11016845703125,329.2301940917969,0.9823660254478455,493.33807373046875,491.6391296386719,0.9848300218582153,339.388427734375,480.7873229980469,0.9874528050422668,327.45184326171875,588.8655395507812,0.9569507241249084
63,572.00537109375,266.230712890625,0.9837805032730103,452.0849609375,329.8468322753906,0.9904630184173584,494.1839904785156,491.5970458984375,0.9822936058044434,338.955810546875,480.3616027832031,0.9861351251602173,323.7353210449219,587.7810668945312,0.9546911120414734
64,574.1820678710938,267.7085266113281,0.9704927206039429,454.1778259277344,331.40277099609375,0.9902620315551758,494.21624755859375,491.6413879394531,0.9812405109405518,338.8451232910156,480.3127136230469,0.9852219820022583,321.09906005859375,588.0299072265625,0.9370610117912292
65,575.966796875,268.30169677734375,0.9766069054603577,456.2174072265625,332.1954650878906,0.9826651811599731,495.181884765625,491.9071960449219,0.9787328839302063,338.82257080078125,480.25909423828125,0.9854825735092163,317.6934509277344,586.2808227539062,0.8762596249580383
66,576.6790771484375,270.4621276855469,0.9801364541053772,457.5584411621094,333.17401123046875,0.9803644418716431,495.3049621582031,491.608642578125,0.9791828393936157,338.8445739746094,479.7540283203125,0.9829708337783813,314.1132507324219,587.8221435546875,0.9322163462638855
67,577.8270263671875,271.7965087890625,0.9858224391937256,459.4744873046875,334.86126708984375,0.984725296497345,495.9566955566406,491.7695617675781,0.9812076091766357,339.3372802734375,480.4698791503906,0.9866268038749695,309.3423156738281,586.065185546875,0.9379744529724121
68,578.5235595703125,274.32562255859375,0.9906283020973206,460.9089660644531,336.80657958984375,0.987826943397522,495.7452392578125,492.116455078125,0.9795058965682983,340.460205078125,480.60675048828125,0.9873620271682739,307.1842041015625,585.6763305664062,0.9392329454421997
69,580.6812133789062,275.99737548828125,0.9869520664215088,462.7311096191406,338.60345458984375,0.9838621616363525,495.33453369140625,492.42437744140625,0.9796850681304932,341.56915283203125,481.47137451171875,0.98807293176651,304.8015441894531,585.5106201171875,0.9178726077079773
70,581.1415405273438,278.70819091796875,0.9868415594100952,464.57293701171875,338.5381164550781,0.9814714789390564,494.7461853027344,492.796630859375,0.9794642925262451,343.2208557128906,482.2864990234375,0.9878268837928772,301.17816162109375,583.7954711914062,0.8739402294158936
71,583.6011962890625,279.606201171875,0.9764988422393799,465.99444580078125,340.31060791015625,0.9872969388961792,494.8609313964844,493.5544128417969,0.978980541229248,344.15020751953125,483.3723449707031,0.9877592921257019,297.8771057128906,583.1087646484375,0.9057439565658569
72,585.3989868164062,280.74188232421875,0.9862974882125854,467.7548828125,340.82318115234375,0.9903199672698975,494.9287414550781,493.95196533203125,0.9737253189086914,344.55072021484375,484.2994689941406,0.9886331558227539,294.2748718261719,582.4537963867188,0.9542165398597717
73,586.601318359375,282.0200500488281,0.9884155988693237,468.77239990234375,342.5741882324219,0.9831303358078003,494.31414794921875,494.8074951171875,0.9664568901062012,344.4634704589844,486.0538024902344,0.9872851371765137,292.06121826171875,581.5742797851562,0.9593546390533447
74,588.6672973632812,282.8725280761719,0.9832020401954651,469.9569396972656,343.7044677734375,0.9796537160873413,494.5231628417969,496.3299255371094,0.9654078483581543,342.28228759765625,486.82916259765625,0.9884226322174072,290.2994689941406,581.05908203125,0.9531264305114746
75,589.734619140625,283.0437316894531,0.9802180528640747,470.07733154296875,345.2900390625,0.9832671880722046,494.0096740722656,497.96954345703125,0.9787944555282593,341.58612060546875,488.4264221191406,0.9908245801925659,287.3359375,578.8326416015625,0.946621835231781
76,591.0950927734375,283.2913818359375,0.9719947576522827,471.0243225097656,345.5708923339844,0.9832953214645386,495.0169982910156,499.21234130859375,0.9751071333885193,341.3019104003906,489.1982421875,0.9919397830963135,284.02880859375,578.3887939453125,0.9619536995887756
77,591.4288940429688,283.285400390625,0.9739429950714111,471.6549377441406,345.74163818359375,0.9858683347702026,495.5750732421875,500.1097412109375,0.9799917936325073,340.8568420410156,489.52105712890625,0.9917201399803162,281.98382568359375,578.218994140625,0.9610815644264221
78,591.3887329101562,283.4096374511719,0.9787929654121399,471.3751525878906,346.15496826171875,0.987392246723175,496.4105224609375,500.6670837402344,0.9790353775024414,340.8750915527344,489.3885803222656,0.9903868436813354,280.10693359375,577.0079345703125,0.9608533382415771
79,592.12109375,282.2652282714844,0.9820312261581421,471.7318115234375,345.9992980957031,0.986880898475647,497.2057189941406,501.0361022949219,0.981897234916687,340.9396057128906,489.1829833984375,0.9896426200866699,277.8006896972656,578.6029052734375,0.9757646322250366
80,591.6815185546875,282.2320251464844,0.9749726057052612,471.17950439453125,345.9671936035156,0.9877702593803406,497.65533447265625,501.0855712890625,0.980167031288147,341.0284729003906,488.7594299316406,0.9887735843658447,276.9860534667969,579.0202026367188,0.9759232997894287
81,591.1385498046875,281.0474853515625,0.9723285436630249,471.1784973144531,345.8342590332031,0.9894318580627441,497.4565734863281,501.2193908691406,0.9812746644020081,342.732177734375,487.34088134765625,0.9848679900169373,276.5458984375,579.51220703125,0.9696820974349976
82,591.8229370117188,279.5296630859375,0.9770547151565552,470.900146484375,345.34246826171875,0.9875671863555908,499.234130859375,500.9549255371094,0.9850867986679077,345.3321838378906,485.6083984375,0.981271505355835,276.90863037109375,577.6045532226562,0.9635206460952759
83,592.0905151367188,277.89996337890625,0.9846454858779907,470.98382568359375,344.48931884765625,0.9855424761772156,501.1355285644531,500.3204345703125,0.9855999946594238,344.5819396972656,484.6535949707031,0.9860345125198364,277.385986328125,575.6085815429688,0.956803023815155
84,593.1726684570312,276.451904296875,0.9884504675865173,471.406005859375,343.1588134765625,0.9799884557723999,502.4240417480469,499.6321105957031,0.9835370779037476,345.1601867675781,483.6709899902344,0.9892973899841309,276.9300842285156,573.7926025390625,0.9566525220870972
85,593.2594604492188,274.5046081542969,0.988163948059082,471.8330993652344,341.91156005859375,0.9838144779205322,503.4330139160156,499.1299133300781,0.981308102607727,346.3033447265625,482.0907287597656,0.9882647395133972,275.90228271484375,573.33251953125,0.9578944444656372
86,593.6710815429688,272.6026611328125,0.9869577884674072,471.9583435058594,340.5406188964844,0.9851425290107727,505.82501220703125,497.3035583496094,0.9809531569480896,347.2653503417969,480.0440368652344,0.9864248037338257,275.5494384765625,572.1090698242188,0.945182204246521
87,594.6591796875,271.5055236816406,0.9869143962860107,472.582275390625,339.129150390625,0.9896396398544312,507.2353820800781,497.40472412109375,0.9819042682647705,347.2253112792969,478.99761962890625,0.9844944477081299,274.11993408203125,572.8538208007812,0.9115208387374878
88,596.449951171875,268.62603759765625,0.9860168099403381,473.171875,337.5760498046875,0.9900097846984863,508.9367370605469,497.40283203125,0.9818364381790161,346.1752624511719,479.93841552734375,0.9839528799057007,271.6109619140625,573.0305786132812,0.8760019540786743
89,597.3424682617188,267.0903625488281,0.9807743430137634,474.61932373046875,335.7994689941406,0.9907494783401489,511.38482666015625,498.2010498046875,0.9756866693496704,345.1452331542969,480.2164306640625,0.9814233779907227,272.3160400390625,572.4610595703125,0.8822002410888672
90,598.0781860351562,266.2549133300781,0.9802662134170532,475.5155944824219,334.6286315917969,0.9902948141098022,514.4874267578125,497.4862365722656,0.9812608957290649,345.1736145019531,480.5266418457031,0.9831886291503906,274.4569091796875,574.5422973632812,0.9165999889373779
91,596.9837646484375,265.1761779785156,0.9775093793869019,476.3533935546875,334.0709533691406,0.9893844127655029,516.2657470703125,498.8999328613281,0.9822575449943542,346.0303955078125,480.3204345703125,0.9867345094680786,280.7496337890625,572.418701171875,0.9595212936401367
92,597.5490112304688,263.3345031738281,0.9859375953674316,477.3716735839844,334.5888977050781,0.9902663230895996,520.1476440429688,500.0290222167969,0.9716835618019104,347.97979736328125,480.3279724121094,0.9899017810821533,288.0289001464844,574.6751098632812,0.9492536783218384
93,598.3587646484375,260.4460144042969,0.9817109107971191,478.077392578125,333.6100158691406,0.9903854131698608,525.8333740234375,500.2100524902344,0.9685053825378418,351.218994140625,478.2100524902344,0.9861335158348083,294.9003601074219,576.2696533203125,0.941072940826416
94,599.3961181640625,258.57403564453125,0.9815342426300049,479.2309875488281,332.4361877441406,0.9891892075538635,527.6903686523438,500.6343688964844,0.9696549773216248,354.91839599609375,476.2801818847656,0.9907015562057495,305.20880126953125,574.724609375,0.9461890459060669
95,600.1100463867188,257.0293273925781,0.9818634986877441,479.91204833984375,331.1462097167969,0.9845483303070068,532.228271484375,500.6123962402344,0.9808148145675659,359.69091796875,473.95574951171875,0.988566517829895,315.7044982910156,576.02001953125,0.9680453538894653
96,601.931396484375,254.74559020996094,0.9812478423118591,480.27093505859375,329.2676696777344,0.983094334602356,535.6668090820312,499.76824951171875,0.961613655090332,362.50390625,470.73236083984375,0.9901551604270935,329.10723876953125,570.93896484375,0.9515877962112427
97,602.4718017578125,253.470947265625,0.9850361347198486,481.3447570800781,327.9023742675781,0.9815809726715088,539.4528198242188,498.1599426269531,0.9559715986251831,365.97833251953125,465.2623596191406,0.9929928779602051,341.5318298339844,575.2810668945312,0.9540776610374451
98,603.6566162109375,252.50997924804688,0.9864766597747803,483.58673095703125,325.44122314453125,0.9899469614028931,544.0531616210938,497.9083557128906,0.9702343344688416,370.8150329589844,461.3360290527344,0.9895461797714233,354.70703125,573.2363891601562,0.950325071811676
99,604.6505126953125,251.32020568847656,0.9850951433181763,484.44970703125,323.96881103515625,0.9925081729888916,547.4321899414062,497.4976501464844,0.9762156009674072,375.9790344238281,458.9188232421875,0.9895055890083313,369.8243713378906,577.1134033203125,0.9383640289306641
100,604.6411743164062,250.91464233398438,0.9840983152389526,485.51629638671875,322.30975341796875,0.9917275905609131,551.04833984375,496.34564208984375,0.9685866236686707,379.56524658203125,457.3808288574219,0.9912540912628174,382.9534606933594,576.485595703125,0.9627841711044312
101,605.9183349609375,249.3982696533203,0.9795800447463989,486.7737731933594,319.9517822265625,0.9869722127914429,553.5510864257812,494.7694091796875,0.974744439125061,384.3650817871094,454.6938781738281,0.9796935319900513,395.8973388671875,575.3556518554688,0.8868563175201416
102,607.408447265625,248.94322204589844,0.9772127866744995,486.6885681152344,319.42303466796875,0.9865072965621948,558.2452392578125,493.91925048828125,0.9722973704338074,390.3228454589844,453.49700927734375,0.9909104108810425,407.8935546875,570.8692626953125,0.785363495349884
103,608.7838134765625,248.16030883789062,0.9867290258407593,488.0299377441406,319.204345703125,0.9883222579956055,561.4881591796875,493.1119689941406,0.9825611114501953,393.6087341308594,453.489013671875,0.99290931224823,420.7970275878906,565.5335083007812,0.9076522588729858
104,609.6155395507812,247.42083740234375,0.9899142980575562,489.8118591308594,318.0640869140625,0.9914865493774414,565.068603515625,492.7169189453125,0.9850972890853882,398.218017578125,452.083251953125,0.9945621490478516,431.7255859375,562.0707397460938,0.9018455743789673
105,611.2728271484375,246.91050720214844,0.9921211004257202,491.5757751464844,317.5760192871094,0.991741418838501,568.3154907226562,491.66357421875,0.9859106540679932,404.315673828125,450.5552978515625,0.9919153451919556,441.1913146972656,559.82958984375,0.9120993614196777
106,613.75830078125,245.73922729492188,0.9907543659210205,493.8597106933594,318.36309814453125,0.9908287525177002,571.7728271484375,491.7835388183594,0.988309383392334,408.833984375,451.8160705566406,0.9876689314842224,451.2433776855469,557.1344604492188,0.898931622505188
107,616.6975708007812,243.89852905273438,0.9888489246368408,495.9896545410156,317.8621826171875,0.988447904586792,575.968017578125,490.9432067871094,0.9830819368362427,415.19000244140625,451.5108947753906,0.993816614151001,462.2560729980469,555.38671875,0.8312525749206543
108,618.43115234375,243.5272216796875,0.9901037216186523,497.9999084472656,317.0155334472656,0.9916868209838867,580.5278930664062,491.1669616699219,0.9905331134796143,421.8917236328125,451.99578857421875,0.9902805089950562,471.92047119140625,554.8026733398438,0.9104911088943481
109,620.7610473632812,243.1497802734375,0.989581286907196,500.447509765625,317.4925231933594,0.9936765432357788,584.2510986328125,491.3764953613281,0.989351749420166,428.54547119140625,454.8632507324219,0.9867265224456787,486.5014343261719,557.8020629882812,0.9032061696052551
110,622.3619995117188,243.64044189453125,0.9876940250396729,503.4423522949219,317.072265625,0.9919342994689941,587.8363647460938,491.5285339355469,0.9864137172698975,434.1200256347656,456.1635437011719,0.9926236867904663,498.63079833984375,555.9142456054688,0.9001953601837158
111,624.6173095703125,244.10174560546875,0.9927297830581665,505.8063659667969,317.09283447265625,0.9858626127243042,593.9013671875,491.4276428222656,0.9849095344543457,441.6760559082031,461.23187255859375,0.9904114007949829,508.29022216796875,551.9398803710938,0.9137442111968994
112,625.5570068359375,244.45286560058594,0.9925823211669922,507.0023498535156,317.1716003417969,0.9919963479042053,599.273193359375,492.0980529785156,0.9900313019752502,450.5702819824219,464.4306640625,0.9885184168815613,520.2840576171875,554.363037109375,0.9429025650024414
113,627.81689453125,245.22018432617188,0.9929448366165161,509.8314514160156,318.5668640136719,0.9929612874984741,603.1839599609375,491.7694091796875,0.9848469495773315,457.4555969238281,470.9662780761719,0.9854263067245483,529.6025390625,554.826171875,0.94643634557724
114,631.3383178710938,244.68544006347656,0.9897264242172241,512.2803955078125,319.87420654296875,0.990705668926239,608.7996826171875,493.0780944824219,0.9835780262947083,464.9693908691406,474.77972412109375,0.9951159358024597,539.9421997070312,556.1979370117188,0.9421207904815674
115,632.2090454101562,245.5436248779297,0.9883015155792236,514.6492309570312,320.3045349121094,0.9908790588378906,616.32373046875,493.04510498046875,0.9867994785308838,472.714111328125,483.0646057128906,0.9888866543769836,547.4007568359375,558.94580078125,0.9505701065063477
116,633.3764038085938,246.00387573242188,0.9862598776817322,517.1729125976562,322.6004943847656,0.9944817423820496,620.72314453125,493.2622375488281,0.9833335876464844,480.39044189453125,488.0019226074219,0.9899309873580933,557.7200927734375,562.8643798828125,0.9277088642120361
117,635.6824340820312,248.1649932861328,0.9872128367424011,519.16357421875,324.52764892578125,0.9920904636383057,627.4465942382812,495.2944030761719,0.9886757135391235,488.6318359375,495.7046813964844,0.9831693172454834,566.0269165039062,565.405029296875,0.925879955291748
118,637.8579711914062,249.04360961914062,0.9861759543418884,520.3923950195312,327.17596435546875,0.985694408416748,632.2230834960938,497.7833251953125,0.9831072092056274,499.2918395996094,500.4176025390625,0.9896237254142761,576.365234375,571.6256713867188,0.8810161352157593
119,639.0222778320312,250.07460021972656,0.9888201355934143,522.1580810546875,329.71453857421875,0.9915115833282471,637.20458984375,500.4361572265625,0.9910069704055786,507.04718017578125,506.46136474609375,0.9928628206253052,583.63623046875,575.7610473632812,0.9015047550201416
120,639.5219116210938,252.49974060058594,0.9919376373291016,523.9659423828125,331.8448181152344,0.9937303066253662,642.0816650390625,501.79840087890625,0.9901739358901978,514.82470703125,511.93292236328125,0.9854928255081177,593.1563720703125,582.36376953125,0.9011964797973633
121,640.2361450195312,254.96832275390625,0.9909118413925171,525.7683715820312,334.4602355957031,0.9920048713684082,645.93798828125,505.7790222167969,0.9926414489746094,520.0873413085938,517.2342529296875,0.9824138283729553,594.88916015625,586.1753540039062,0.9330935478210449
122,641.5328369140625,256.738037109375,0.9942716360092163,527.1565551757812,338.1051330566406,0.9933309555053711,649.1514282226562,507.40606689453125,0.9919694066047668,523.1443481445312,519.8780517578125,0.9837706089019775,595.3421630859375,587.9470825195312,0.9505876302719116
123,642.7171020507812,260.01190185546875,0.9965949654579163,528.9281616210938,342.3082580566406,0.9869034290313721,650.79931640625,508.781982421875,0.9899961948394775,523.9522094726562,519.0653686523438,0.9865787029266357,593.8959350585938,589.5126342773438,0.9538976550102234
124,644.0653686523438,262.78839111328125,0.9958003759384155,529.1142578125,345.9395751953125,0.9907140731811523,651.4940795898438,513.1223754882812,0.9838247299194336,522.0601196289062,515.7760009765625,0.9867470264434814,587.901611328125,590.7234497070312,0.9601162075996399
125,644.5916137695312,264.20281982421875,0.9930213689804077,530.5203247070312,349.7743835449219,0.9931471347808838,652.4442138671875,517.4698486328125,0.986580491065979,520.6993408203125,514.35888671875,0.9825534820556641,585.6412963867188,591.121826171875,0.9466428756713867
126,645.686279296875,266.9507751464844,0.992210865020752,531.7987670898438,352.1172180175781,0.9905714988708496,649.2852783203125,522.0230102539062,0.9884956479072571,517.1146240234375,515.320068359375,0.9870573282241821,577.7044677734375,592.2611694335938,0.9447200298309326
127,645.33837890625,270.49481201171875,0.9919512867927551,532.0582275390625,355.06927490234375,0.9918410778045654,648.3222045898438,523.5068969726562,0.982073187828064,512.0423583984375,517.6791381835938,0.9880841374397278,573.3416137695312,594.2437133789062,0.9345749020576477
128,643.8383178710938,272.4642639160156,0.993634819984436,531.9634399414062,358.449951171875,0.9898461103439331,647.6273193359375,526.3526611328125,0.9757020473480225,507.9928894042969,517.2495727539062,0.9898282289505005,570.613037109375,594.926025390625,0.9407576322555542
129,643.2144775390625,275.79327392578125,0.9969366788864136,530.6384887695312,360.88275146484375,0.9900345802307129,645.7152099609375,529.7664794921875,0.9836461544036865,503.4299011230469,515.3872680664062,0.9865330457687378,564.005615234375,595.155029296875,0.9428530931472778
130,643.3877563476562,277.47088623046875,0.9969056844711304,529.5374145507812,362.3364562988281,0.9926321506500244,643.4442138671875,531.5185546875,0.9881533980369568,499.5705261230469,514.9104614257812,0.9876037836074829,558.4275512695312,596.9985961914062,0.9067734479904175
131,642.7157592773438,278.7685852050781,0.9962610006332397,528.5797729492188,362.79022216796875,0.9921931624412537,639.3265380859375,532.5737915039062,0.9818244576454163,495.07257080078125,516.2105102539062,0.9926178455352783,554.4548950195312,596.2034301757812,0.9335862994194031
132,642.2941284179688,279.3927917480469,0.9958738684654236,527.367431640625,362.4323425292969,0.9890360832214355,635.5982666015625,533.7457885742188,0.9806685447692871,491.7644958496094,514.4393920898438,0.9878814220428467,549.5874633789062,596.4664306640625,0.9366662502288818
133,641.9127807617188,279.202392578125,0.9957398176193237,526.798583984375,361.9034423828125,0.9861450791358948,631.3773193359375,534.4866333007812,0.9814304113388062,487.6734619140625,512.0463256835938,0.9872058629989624,543.134033203125,597.4044799804688,0.9110070466995239
134,641.3847045898438,278.8679504394531,0.9955508708953857,525.240478515625,360.7521667480469,0.9865263104438782,627.355712890625,533.4104614257812,0.9873543977737427,483.3620300292969,509.4651794433594,0.9917349219322205,539.9962768554688,596.9137573242188,0.9382643699645996
135,640.9288330078125,277.93829345703125,0.996279239654541,524.321533203125,359.5888671875,0.9878764152526855,624.6409912109375,531.4229736328125,0.9831826090812683,480.36798095703125,510.1143798828125,0.9887778759002686,534.0151977539062,596.4052124023438,0.9483983516693115
136,640.3222045898438,276.4786682128906,0.9958840012550354,523.2969970703125,357.83251953125,0.9905650615692139,620.8204956054688,530.0023193359375,0.9805461764335632,477.83990478515625,508.9152526855469,0.9926460981369019,530.0234375,596.2461547851562,0.9330859184265137
137,639.7501220703125,274.3934326171875,0.9937277436256409,521.8305053710938,355.5993957519531,0.9905495643615723,616.8489379882812,528.0256958007812,0.9707345962524414,474.3296813964844,507.8551940917969,0.9946930408477783,524.5918579101562,596.3758544921875,0.9345830678939819
138,639.342529296875,272.5534973144531,0.9888054132461548,520.7333374023438,353.4407043457031,0.9908599257469177,613.8486938476562,526.4789428710938,0.9819307923316956,471.77764892578125,505.1546936035156,0.9920862913131714,522.9493408203125,596.3907470703125,0.9468876719474792
139,639.0107421875,270.13592529296875,0.9852097034454346,519.3370361328125,351.5266418457031,0.9881423115730286,610.2094116210938,525.5064086914062,0.9854925274848938,467.9368896484375,503.57611083984375,0.9925104975700378,516.87744140625,595.3683471679688,0.9364967346191406
140,638.0001220703125,268.7322692871094,0.9863774180412292,519.833740234375,349.9965515136719,0.9878956079483032,608.1588745117188,522.756103515625,0.9892255067825317,465.957763671875,503.07305908203125,0.9884026646614075,512.7743530273438,595.6359252929688,0.9231642484664917
141,637.3291625976562,267.1412048339844,0.9896102547645569,518.5827026367188,348.2555236816406,0.9926434755325317,604.7401123046875,523.1320190429688,0.9896500110626221,464.32965087890625,503.1490173339844,0.9854451417922974,507.5043029785156,595.4835205078125,0.946757435798645
142,636.5142211914062,265.3248291015625,0.9924851655960083,517.6548461914062,346.4389953613281,0.9935826063156128,601.5101318359375,521.4412841796875,0.9857190847396851,459.7984313964844,501.3147888183594,0.9929231405258179,502.8000183105469,595.7318725585938,0.9364900588989258
143,636.4478759765625,264.6708679199219,0.9903239011764526,516.25439453125,345.74468994140625,0.9931836128234863,600.830078125,519.1686401367188,0.9795663356781006,457.09503173828125,499.8934020996094,0.9908047914505005,498.50189208984375,594.3018798828125,0.9380660057067871
144,636.2184448242188,263.9983215332031,0.9880779981613159,515.8048095703125,343.5390625,0.9882525205612183,598.4181518554688,516.9066162109375,0.9869929552078247,456.9024658203125,497.402099609375,0.9784864187240601,494.3733825683594,595.1112670898438,0.9314014911651611
145,635.9235229492188,263.48675537109375,0.9919052124023438,515.4551391601562,341.4878234863281,0.9896854162216187,595.8709106445312,514.8783569335938,0.9875476956367493,454.550537109375,495.43536376953125,0.9868267774581909,491.5668640136719,594.919189453125,0.9521697759628296
146,635.8184814453125,261.5742492675781,0.9939743280410767,515.02880859375,339.494384765625,0.98848956823349,593.695556640625,513.213134765625,0.9847089648246765,451.5105895996094,495.2405700683594,0.9898014664649963,486.4405212402344,594.5586547851562,0.9377582669258118
147,635.7023315429688,260.80560302734375,0.9952926635742188,514.8161010742188,338.22216796875,0.9888359904289246,591.29443359375,512.0718994140625,0.973369836807251,448.6747741699219,493.33349609375,0.9896413087844849,482.08563232421875,593.3544311523438,0.9302365779876709
148,635.2323608398438,259.4523620605469,0.995320200920105,514.47216796875,337.0113525390625,0.9879605174064636,587.8154296875,509.69775390625,0.9871928095817566,446.9560546875,493.93548583984375,0.9920198917388916,478.3735656738281,593.88671875,0.9294930696487427
149,635.616943359375,258.5325927734375,0.9956997036933899,514.3682861328125,335.8341979980469,0.9869181513786316,585.91162109375,508.45550537109375,0.9904471635818481,444.05596923828125,492.5104064941406,0.9939534664154053,474.8364562988281,594.1593627929688,0.9481507539749146
150,635.3745727539062,257.8824768066406,0.9954433441162109,513.4591674804688,336.1443786621094,0.9860857725143433,583.5364379882812,507.2869567871094,0.9873925447463989,440.8440246582031,491.38323974609375,0.9949419498443604,467.610107421875,592.1786499023438,0.9485534429550171
151,635.4103393554688,257.4631652832031,0.9953087568283081,513.2681274414062,335.3688049316406,0.9860509634017944,582.0276489257812,507.3992004394531,0.9929394721984863,439.2666320800781,489.4250793457031,0.9915370941162109,463.12908935546875,592.1689453125,0.9015681743621826
152,635.3997802734375,257.16119384765625,0.995376467704773,513.094970703125,334.4393005371094,0.9867136478424072,580.8995361328125,505.9999084472656,0.9937474727630615,436.1769104003906,488.30853271484375,0.9930604696273804,459.65313720703125,592.237060546875,0.94837886095047
153,635.6592407226562,257.257080078125,0.9951858520507812,512.9931030273438,333.43841552734375,0.98769211769104,578.2855834960938,504.6102600097656,0.9926946759223938,433.99432373046875,488.3050231933594,0.9914540648460388,455.44482421875,591.383544921875,0.9453942775726318
154,635.8734741210938,257.1793212890625,0.9943792819976807,513.4384155273438,333.44329833984375,0.9875999689102173,576.8474731445312,502.8111267089844,0.9868311882019043,432.34039306640625,487.989501953125,0.9894168376922607,451.248046875,591.0078735351562,0.9673762321472168
155,635.823974609375,257.6595764160156,0.9949699640274048,513.9482421875,333.0571594238281,0.9890719652175903,575.05419921875,501.7486877441406,0.9797496795654297,430.4960632324219,487.54754638671875,0.9892479181289673,447.9411315917969,591.4911499023438,0.9433457851409912
156,636.1043701171875,258.3858337402344,0.9945774078369141,515.038818359375,332.3009033203125,0.9920400381088257,574.8529052734375,503.0024719238281,0.9836334586143494,428.1926574707031,486.34246826171875,0.9929612874984741,444.9721374511719,591.1669921875,0.9592375755310059
157,636.7284545898438,259.6897277832031,0.9943587779998779,516.0244140625,332.8462829589844,0.9924716949462891,574.1718139648438,502.2385559082031,0.9833258390426636,425.41265869140625,485.9792785644531,0.9911414384841919,438.6961669921875,589.2816162109375,0.9678107500076294
158,637.2003784179688,260.8123474121094,0.9919582009315491,517.222900390625,333.3914794921875,0.9915376901626587,572.3806762695312,501.6252136230469,0.9825787544250488,423.9611511230469,485.3674621582031,0.9868117570877075,434.3153076171875,589.349609375,0.9679784774780273
159,637.482666015625,262.7066345214844,0.988566517829895,518.4970092773438,334.35260009765625,0.986506462097168,571.0463256835938,500.7527160644531,0.9810449481010437,423.88690185546875,483.7920837402344,0.9892546534538269,430.25238037109375,588.7689208984375,0.9650581479072571
160,638.8814086914062,263.9321594238281,0.9782658815383911,519.0746459960938,334.3712463378906,0.9796856641769409,570.989990234375,500.09619140625,0.9801658391952515,422.3013916015625,482.9537658691406,0.9908612370491028,427.4078369140625,589.106201171875,0.9763636589050293
161,639.7745971679688,265.29205322265625,0.9779230952262878,519.9210205078125,335.4683532714844,0.9872947335243225,568.4837036132812,500.4657287597656,0.9786295890808105,420.3614501953125,481.9315185546875,0.992689847946167,423.3562316894531,587.7257080078125,0.966131329536438
162,641.3907470703125,265.0115051269531,0.988677978515625,521.843017578125,336.3557434082031,0.9889553189277649,568.2774658203125,501.53399658203125,0.9800354242324829,418.77423095703125,481.2608337402344,0.9912306666374207,419.13934326171875,587.2395629882812,0.9366402626037598
163,643.151123046875,267.45269775390625,0.9906443357467651,523.4202270507812,338.3772277832031,0.9925074577331543,567.6712036132812,501.6746520996094,0.98173588514328,416.90020751953125,480.546630859375,0.990107536315918,415.79827880859375,588.06689453125,0.9177141189575195
164,644.592041015625,269.0443115234375,0.9910754561424255,525.2012329101562,341.05462646484375,0.9915172457695007,568.0685424804688,501.9143371582031,0.9809752702713013,415.28143310546875,480.3695373535156,0.9927112460136414,410.13946533203125,585.805419921875,0.9465941190719604
165,646.1660766601562,271.17095947265625,0.9890389442443848,526.9774780273438,342.345458984375,0.9846384525299072,568.4554443359375,500.7276611328125,0.98284912109375,413.79150390625,480.3589172363281,0.9931864142417908,409.0718994140625,587.6724853515625,0.9637234210968018
166,645.6123046875,273.0365905761719,0.9810637831687927,529.243408203125,343.18115234375,0.9775317907333374,567.8182983398438,502.5090026855469,0.9809635877609253,412.421630859375,480.3583984375,0.9931546449661255,404.7151794433594,586.0068969726562,0.9511663317680359
167,646.1717529296875,275.7578430175781,0.9708175659179688,530.274169921875,344.4532775878906,0.9852843284606934,568.6394653320312,502.0992126464844,0.9810680150985718,411.0784606933594,480.2947082519531,0.9928345084190369,400.53485107421875,586.2413330078125,0.8737965822219849
168,647.7841796875,277.9617919921875,0.9816560745239258,532.1990356445312,346.0334167480469,0.990839958190918,567.49072265625,503.97320556640625,0.9788925647735596,410.3875427246094,479.94512939453125,0.9911208152770996,395.752685546875,584.0580444335938,0.8821070194244385
169,649.4164428710938,280.3568115234375,0.988999605178833,534.1818237304688,347.1216125488281,0.9876742362976074,566.932373046875,504.54595947265625,0.9817087650299072,410.07049560546875,479.74151611328125,0.9908657073974609,390.3958435058594,581.313232421875,0.9475476741790771
170,650.7113037109375,282.2381591796875,0.9857342839241028,536.3336791992188,348.3279113769531,0.9851891994476318,567.2811889648438,504.709228515625,0.9824134111404419,410.1053771972656,479.85711669921875,0.99056476354599,389.37261962890625,583.4150390625,0.9244145154953003
171,652.1220092773438,283.9392395019531,0.9721775650978088,537.0714721679688,348.83087158203125,0.9820197820663452,566.0279541015625,504.1474609375,0.9866944551467896,410.1219787597656,480.6622619628906,0.9919791221618652,386.4921875,582.5029296875,0.9273419380187988
172,654.3778686523438,284.7340087890625,0.9746829271316528,538.1007690429688,349.9097900390625,0.9808940887451172,565.5621948242188,504.7875671386719,0.9889118671417236,410.3915710449219,481.4956359863281,0.9918676018714905,384.42156982421875,583.0643920898438,0.8761118650436401
173,655.9923095703125,286.0615539550781,0.9811041355133057,539.4506225585938,351.7921447753906,0.9848927855491638,565.6190185546875,505.1806335449219,0.9897916913032532,411.10675048828125,482.5277404785156,0.9920176267623901,380.82940673828125,583.870849609375,0.8623455762863159
174,657.6146850585938,287.8295593261719,0.9856830835342407,540.433837890625,353.1378173828125,0.9861785173416138,565.2028198242188,505.7962951660156,0.9907660484313965,411.483642578125,483.11590576171875,0.9916626214981079,377.6495361328125,583.662841796875,0.9006884098052979
175,658.451904296875,288.45819091796875,0.9857162237167358,541.639892578125,355.1150207519531,0.9890279769897461,565.0897216796875,506.24688720703125,0.9917804002761841,411.6036071777344,483.46832275390625,0.9921035766601562,373.95367431640625,582.324462890625,0.936206579208374
176,658.8377075195312,290.6204528808594,0.9879005551338196,542.2918701171875,356.2906188964844,0.9880216717720032,565.2400512695312,506.3447265625,0.9921083450317383,411.551025390625,484.1324768066406,0.9921325445175171,371.15802001953125,581.7584228515625,0.938357412815094
177,659.5682983398438,290.9917297363281,0.989655077457428,543.1978759765625,356.4554443359375,0.985713541507721,565.2557373046875,506.44659423828125,0.9925177097320557,411.4395446777344,484.58050537109375,0.9907545447349548,366.90673828125,581.8827514648438,0.9036315679550171
178,660.1796875,291.2685852050781,0.9874616265296936,543.5581665039062,356.25079345703125,0.9828065633773804,565.2158813476562,506.40655517578125,0.9919676780700684,411.6558532714844,485.29205322265625,0.9900553226470947,363.3488464355469,581.6222534179688,0.9026256203651428
179,659.9429931640625,291.37115478515625,0.9885945916175842,543.4212036132812,356.6441345214844,0.9826977252960205,565.1828002929688,506.3005065917969,0.9916065335273743,411.1087646484375,485.8386535644531,0.989923894405365,359.2544860839844,581.4678955078125,0.9399775266647339
180,660.415283203125,290.74261474609375,0.9882623553276062,543.0029907226562,356.8340148925781,0.9836549162864685,564.9568481445312,505.6820068359375,0.9908393621444702,409.95294189453125,486.41363525390625,0.9881207346916199,356.4762268066406,581.2678833007812,0.9554694890975952
181,660.0921630859375,289.760009765625,0.9910272359848022,542.6680908203125,356.4419860839844,0.9855760335922241,564.1139526367188,505.43060302734375,0.9896712899208069,409.0085144042969,486.55926513671875,0.9860492944717407,353.5821838378906,579.3338012695312,0.950692892074585
182,661.2371215820312,288.3939514160156,0.9887305498123169,542.0115356445312,355.9690856933594,0.9852737188339233,563.5081787109375,504.91070556640625,0.9881782531738281,409.13946533203125,486.47869873046875,0.9816972017288208,351.14447021484375,577.5477294921875,0.9527007341384888
183,662.1719970703125,285.7967529296875,0.9888256192207336,542.1185302734375,354.1685485839844,0.9823303818702698,563.2764282226562,504.331298828125,0.9854055643081665,408.3124694824219,487.02606201171875,0.982722282409668,348.3775939941406,577.7330932617188,0.9656835794448853
184,662.087890625,284.3507080078125,0.9860159158706665,541.2239379882812,352.52423095703125,0.9816802740097046,563.1389770507812,503.54937744140625,0.9800686240196228,407.4134826660156,487.1087951660156,0.985081136226654,344.5358581542969,576.4734497070312,0.9416437149047852
185,662.314208984375,283.2169189453125,0.9841358661651611,540.8225708007812,351.2295837402344,0.9789521098136902,563.8470458984375,503.5792236328125,0.9803192615509033,405.5649108886719,487.310791015625,0.9858811497688293,343.3532409667969,576.1324462890625,0.9535820484161377
186,661.0337524414062,282.4010009765625,0.9860665798187256,540.4404296875,349.5067138671875,0.9850483536720276,564.2239990234375,502.1121520996094,0.9833278059959412,405.25323486328125,487.6571350097656,0.9873143434524536,342.2384948730469,575.939697265625,0.9620521068572998
187,659.5316162109375,281.14642333984375,0.9899674654006958,539.7432861328125,347.9002990722656,0.9896855354309082,564.8256225585938,500.91229248046875,0.9842355251312256,407.63470458984375,486.8877258300781,0.9845240116119385,341.43475341796875,576.871337890625,0.967097282409668
188,659.7099609375,279.0414123535156,0.9926742315292358,539.3350219726562,346.4114685058594,0.9912077188491821,566.0742797851562,500.291259765625,0.9826116561889648,408.53802490234375,486.13153076171875,0.984035074710846,340.9624328613281,576.9434814453125,0.9627426862716675
189,660.337646484375,276.821044921875,0.9929018020629883,539.2257690429688,345.4245300292969,0.9901758432388306,567.4777221679688,499.6910705566406,0.9808340072631836,408.5168151855469,485.8464050292969,0.9850274920463562,340.8097839355469,578.2357788085938,0.9557563662528992
190,660.7555541992188,274.4788513183594,0.9902178049087524,539.1864624023438,344.7271728515625,0.9875767827033997,569.0739135742188,498.94921875,0.9795271754264832,409.9518737792969,483.6825256347656,0.9883784055709839,341.7216491699219,575.7474975585938,0.9298183917999268
191,661.5270385742188,272.6169738769531,0.9871297478675842,540.2183837890625,343.0339050292969,0.9869017601013184,571.03515625,500.2179260253906,0.9798547625541687,412.4279479980469,481.5126037597656,0.9911177158355713,341.2179870605469,574.13525390625,0.9401107430458069
192,662.535400390625,270.08154296875,0.9839264154434204,540.407470703125,341.92181396484375,0.9897991418838501,574.291259765625,501.1690673828125,0.9794809222221375,415.4501037597656,478.7104797363281,0.9848736524581909,342.24139404296875,573.2837524414062,0.916542649269104
193,662.9171142578125,268.1268310546875,0.9829933643341064,541.1364135742188,340.5472412109375,0.9905329942703247,575.2303466796875,501.2538757324219,0.9755834341049194,417.49298095703125,476.7159118652344,0.9855667352676392,342.42291259765625,573.066650390625,0.9020838737487793
194,662.8360595703125,267.3811340332031,0.9767009019851685,541.6011962890625,339.42413330078125,0.9912118911743164,577.8770751953125,501.8531799316406,0.9815089702606201,418.6778869628906,476.3999328613281,0.9884066581726074,342.697021484375,572.5650024414062,0.9027414321899414
195,662.4190063476562,266.0536804199219,0.9834370613098145,542.4613037109375,338.6616516113281,0.9908972978591919,580.753662109375,503.5027770996094,0.9858520030975342,418.5055236816406,477.5194091796875,0.9852093458175659,344.2175598144531,572.5,0.8964819312095642
196,662.52587890625,264.7491760253906,0.9775189757347107,543.218017578125,338.4339599609375,0.990403413772583,583.2298583984375,504.4830017089844,0.9861754179000854,419.73052978515625,479.5421142578125,0.986819863319397,346.71636962890625,574.009033203125,0.9191149473190308
197,662.29052734375,263.8224182128906,0.9824159741401672,543.9815063476562,337.7525939941406,0.9889992475509644,585.455810546875,505.4729919433594,0.9873689413070679,421.1803894042969,479.9102478027344,0.9880475997924805,352.1099548339844,573.8448486328125,0.8992713689804077
198,662.22998046875,262.3514404296875,0.9859979152679443,544.52880859375,337.3903503417969,0.9879639148712158,590.9290771484375,505.646240234375,0.9807974100112915,422.7920837402344,480.0417175292969,0.9848976731300354,358.1395568847656,575.8627319335938,0.8831323981285095
199,662.9749755859375,261.0987243652344,0.9826616048812866,544.98486328125,337.1770935058594,0.9863258600234985,594.6583862304688,506.21417236328125,0.9917235970497131,423.3406066894531,479.7236328125,0.9798558950424194,367.3834228515625,577.7354736328125,0.9228627681732178
200,663.2710571289062,260.11767578125,0.9845339059829712,545.4491577148438,336.3212585449219,0.9822821617126465,598.6099243164062,507.39044189453125,0.9916563034057617,425.8379821777344,477.080322265625,0.986354410648346,374.90972900390625,577.401123046875,0.9353710412979126
201,663.6171264648438,259.2878723144531,0.9823092818260193,545.7521362304688,335.2219543457031,0.980608344078064,602.3129272460938,507.1813659667969,0.9831449389457703,429.1702575683594,473.9098815917969,0.9895415306091309,385.6711120605469,578.1062622070312,0.9223461151123047
202,663.9185791015625,258.86029052734375,0.9833006858825684,546.1547241210938,336.12200927734375,0.9840815663337708,607.3815307617188,506.3708190917969,0.9788378477096558,432.5571594238281,469.3394775390625,0.9869239330291748,397.8951110839844,577.5001220703125,0.9541011452674866
203,664.15478515625,258.2906799316406,0.9856326580047607,546.66650390625,336.1423645019531,0.9850038290023804,609.3088989257812,506.99908447265625,0.9859126210212708,435.92486572265625,463.720703125,0.985094428062439,412.8716735839844,572.1558227539062,0.946306586265564
204,664.4483032226562,257.41387939453125,0.9881414175033569,547.1134643554688,336.0736083984375,0.9874756932258606,612.6900024414062,507.5657653808594,0.9896993637084961,437.763671875,459.25054931640625,0.9918174743652344,428.0220642089844,571.3628540039062,0.9081534743309021
205,664.7039794921875,256.8380432128906,0.9893983602523804,547.5673217773438,335.96343994140625,0.9880844950675964,613.3549194335938,508.5570983886719,0.991851806640625,440.5679626464844,457.1790771484375,0.9897447824478149,438.9806823730469,571.2882690429688,0.9291152358055115
206,665.6190795898438,256.4302673339844,0.9873077869415283,548.35400390625,335.5636901855469,0.9891234040260315,615.2338256835938,508.81524658203125,0.9898629784584045,444.6492919921875,455.74114990234375,0.9889208078384399,453.5755615234375,570.668212890625,0.9139277935028076
207,666.4430541992188,255.50648498535156,0.9878565073013306,549.3283081054688,335.10455322265625,0.9898789525032043,617.72265625,508.12420654296875,0.9794692993164062,449.365966796875,453.81201171875,0.9776833653450012,467.0741271972656,571.2091674804688,0.9176607728004456
208,667.3375244140625,255.20176696777344,0.9871494174003601,550.4251098632812,335.0175476074219,0.9880232810974121,621.008544921875,508.6858825683594,0.9811583757400513,453.3934631347656,452.6839599609375,0.9860804677009583,482.0605163574219,564.6973876953125,0.8920599222183228
209,668.3113403320312,255.03713989257812,0.9858033657073975,551.8232421875,334.5234069824219,0.9861988425254822,625.72021484375,508.34002685546875,0.9841707944869995,457.2586669921875,453.2665710449219,0.9889240264892578,495.2153015136719,562.9354858398438,0.9063841700553894
210,669.1312866210938,254.96034240722656,0.9811132550239563,551.5587768554688,334.7148742675781,0.9882920980453491,631.8622436523438,507.96075439453125,0.9849687814712524,462.9797668457031,453.6027526855469,0.9922927618026733,504.8704528808594,558.3772583007812,0.9383381605148315
211,672.091796875,255.01937866210938,0.9853092432022095,553.2920532226562,334.7477722167969,0.9923923015594482,637.4449462890625,508.9355163574219,0.9764475226402283,469.3855895996094,454.0636291503906,0.9869154691696167,516.2600708007812,555.6591796875,0.9540174007415771
212,673.7738647460938,255.91015625,0.9887725114822388,555.381103515625,335.2388610839844,0.9937194585800171,639.7870483398438,509.4787292480469,0.9854077100753784,476.28173828125,456.0192565917969,0.992280900478363,527.2299194335938,555.3231201171875,0.8702640533447266
213,676.2081909179688,255.9076385498047,0.9906221032142639,558.1262817382812,336.038818359375,0.9926079511642456,644.9987182617188,510.3084411621094,0.9914265275001526,481.1621398925781,456.8431701660156,0.9930989742279053,540.2492065429688,556.7552490234375,0.9077845811843872
214,677.80908203125,256.2223815917969,0.9885227084159851,560.6498413085938,337.4092102050781,0.9903243780136108,648.5293579101562,509.3040771484375,0.9841727018356323,488.2217102050781,461.1216735839844,0.9897681474685669,550.3759765625,557.3789672851562,0.935319185256958
215,679.5307006835938,255.83905029296875,0.9878535270690918,563.05517578125,338.0224304199219,0.9911699295043945,655.4107055664062,509.70269775390625,0.9796184301376343,496.23748779296875,463.9383544921875,0.9902795553207397,564.7134399414062,560.0883178710938,0.9122810363769531
216,679.913818359375,255.6659393310547,0.9868228435516357,565.5263061523438,338.9508361816406,0.9943027496337891,662.8921508789062,509.6647644042969,0.9866401553153992,504.4955749511719,469.6029968261719,0.9843202829360962,576.3192138671875,559.700927734375,0.9311797618865967
217,682.5810546875,256.0472717285156,0.9922258853912354,567.8698120117188,340.14410400390625,0.9884747266769409,666.8817138671875,509.1543884277344,0.9865851402282715,512.0487670898438,474.28448486328125,0.994346022605896,589.2116088867188,560.919189453125,0.9435770511627197
218,684.2034912109375,256.87506103515625,0.9935404062271118,569.499267578125,341.7253112792969,0.9897190928459167,673.8346557617188,510.53216552734375,0.984941303730011,521.6837768554688,480.7928771972656,0.9830669164657593,601.8771362304688,562.3479614257812,0.9621888995170593
219,686.1839599609375,257.4731750488281,0.9928011894226074,573.03125,343.8186950683594,0.9890549182891846,680.1554565429688,510.5302429199219,0.9795330166816711,529.6008911132812,487.437744140625,0.9893631935119629,613.00341796875,563.8865966796875,0.9398646950721741
220,688.2659912109375,257.91351318359375,0.9943317174911499,575.31689453125,345.6883544921875,0.9871755838394165,687.3759155273438,511.07781982421875,0.9772420525550842,539.15087890625,495.5589904785156,0.9921025037765503,626.6388549804688,569.6360473632812,0.930509090423584
221,689.8538818359375,259.1275939941406,0.99715256690979,578.2073364257812,347.5097961425781,0.9929705858230591,695.0816040039062,512.75146484375,0.9835060834884644,548.3423461914062,501.4834899902344,0.9899407625198364,635.2041015625,571.7977905273438,0.9506848454475403
222,692.3179931640625,260.87322998046875,0.9969942569732666,581.824951171875,349.03826904296875,0.99354088306427,701.3649291992188,512.968994140625,0.9843235611915588,558.0457763671875,508.4565124511719,0.9919166564941406,645.591796875,576.2301635742188,0.9406057596206665
223,693.6395874023438,261.5592346191406,0.9956841468811035,583.2918090820312,350.753173828125,0.9849252700805664,707.8211669921875,514.75927734375,0.9905393123626709,566.87060546875,513.0830078125,0.9889942407608032,655.9094848632812,578.8778076171875,0.9195194244384766
224,695.7288818359375,262.80389404296875,0.9935989379882812,586.510498046875,353.077880859375,0.9919401407241821,714.8286743164062,515.3018188476562,0.988311767578125,577.0750122070312,519.0267333984375,0.989362895488739,668.791015625,582.9785766601562,0.8879828453063965
225,698.0866088867188,264.30889892578125,0.9921166300773621,589.9295654296875,355.93157958984375,0.9917082786560059,720.5188598632812,517.63671875,0.9901772737503052,585.0956420898438,524.96142578125,0.9925776720046997,674.4556274414062,585.6222534179688,0.9107246398925781
226,700.4802856445312,264.9046630859375,0.9903822541236877,592.4603881835938,359.6923828125,0.9839088916778564,724.7178955078125,520.037109375,0.9908634424209595,594.111572265625,527.9174194335938,0.9880269765853882,677.9144287109375,587.0543823242188,0.9361382126808167
227,702.7947387695312,267.35980224609375,0.9875682592391968,594.199951171875,362.0483703613281,0.9918667078018188,728.2898559570312,521.8340454101562,0.9905025959014893,600.2506103515625,529.8881225585938,0.9800132513046265,682.64501953125,589.71826171875,0.9303794503211975
228,705.6314697265625,271.2735900878906,0.9919461011886597,597.71826171875,364.797607421875,0.9929057359695435,732.226806640625,523.761962890625,0.9939988851547241,602.1292724609375,529.9801025390625,0.9918553829193115,682.2413330078125,590.378173828125,0.9280992746353149
229,706.306396484375,273.1740417480469,0.9964839816093445,599.6534423828125,367.6475830078125,0.9883029460906982,733.4105224609375,525.234130859375,0.9910151958465576,602.35595703125,526.399658203125,0.9909141659736633,679.0978393554688,591.0730590820312,0.946311354637146
230,707.35107421875,277.35626220703125,0.9975739121437073,600.6123657226562,371.508056640625,0.9887279272079468,735.074462890625,528.7235717773438,0.9867196679115295,600.609130859375,521.4344482421875,0.9904604554176331,674.8057250976562,591.8023071289062,0.9480080604553223
231,708.783447265625,280.2882995605469,0.9963706731796265,602.1331787109375,374.32611083984375,0.9882206916809082,735.3456420898438,533.0886840820312,0.9859174489974976,595.8567504882812,519.6941528320312,0.992880642414093,669.8171997070312,592.0958862304688,0.9306529760360718
232,711.4557495117188,281.2973937988281,0.9889392852783203,603.712646484375,376.9835205078125,0.9911113977432251,731.3074951171875,537.0535278320312,0.9856944680213928,592.0516357421875,520.1261596679688,0.9925907254219055,662.630615234375,591.51220703125,0.9369025230407715
233,712.5623779296875,283.4543762207031,0.9894872903823853,604.261962890625,378.9252014160156,0.9924360513687134,730.2284545898438,538.969970703125,0.9870922565460205,586.0443115234375,521.5017700195312,0.9903876781463623,656.5147705078125,592.5296020507812,0.9144140481948853
234,713.749755859375,286.20074462890625,0.9870450496673584,605.0020141601562,380.4559631347656,0.9925491809844971,728.6234741210938,541.0857543945312,0.9748095273971558,580.185791015625,519.1567993164062,0.9906918406486511,651.7725830078125,594.2705688476562,0.9087525606155396
235,714.2958374023438,287.7651062011719,0.991730272769928,605.3554077148438,381.5008544921875,0.9913038015365601,725.9370727539062,542.7656860351562,0.9791867733001709,576.3681030273438,520.07177734375,0.9899424314498901,644.6474609375,593.2514038085938,0.9612070322036743
236,714.6614379882812,289.0502624511719,0.9948570728302002,605.2423095703125,381.92669677734375,0.9913057088851929,721.5330200195312,545.0399780273438,0.9756859540939331,572.9195556640625,519.51318359375,0.9909608960151672,636.9694213867188,594.9253540039062,0.9462751746177673
237,714.9622802734375,289.802001953125,0.994784951210022,604.5853271484375,381.3153076171875,0.9925886392593384,717.9795532226562,546.0130615234375,0.984521746635437,568.16015625,517.744873046875,0.9804849028587341,630.4584350585938,594.4220581054688,0.9603301882743835
238,714.9844970703125,289.9416198730469,0.9950551390647888,603.8388061523438,380.50128173828125,0.9934942722320557,714.3467407226562,546.268798828125,0.9769265651702881,565.79541015625,515.2178344726562,0.9886288642883301,627.9581298828125,593.6556396484375,0.9644829034805298
239,715.190673828125,289.8431701660156,0.9947330355644226,603.0107421875,379.40338134765625,0.9938512444496155,711.38134765625,546.48974609375,0.9809056520462036,562.6280517578125,514.228759765625,0.9887746572494507,624.5548095703125,593.9254150390625,0.9163703322410583
240,715.1036376953125,289.2893981933594,0.9944791793823242,602.3641357421875,378.5481872558594,0.9922220706939697,707.49072265625,545.23388671875,0.9795172810554504,559.1278686523438,513.4489135742188,0.9921482801437378,619.3263549804688,595.6799926757812,0.9221713542938232
241,715.361572265625,288.00537109375,0.9936466217041016,601.1547241210938,376.79302978515625,0.9858710169792175,704.0146484375,543.552978515625,0.9705310463905334,556.4185791015625,512.2191772460938,0.9923791885375977,618.2734985351562,596.4490356445312,0.929963231086731
242,715.3912353515625,286.73309326171875,0.989450216293335,600.9408569335938,374.2660827636719,0.9853101968765259,700.6295776367188,541.90966796875,0.9806103110313416,553.0947875976562,510.65338134765625,0.9859730005264282,613.6964721679688,595.2847900390625,0.9460599422454834
243,715.6083984375,285.96417236328125,0.9876574277877808,600.2097778320312,372.5011291503906,0.9889501333236694,697.353515625,540.988525390625,0.980692982673645,550.2235717773438,506.67401123046875,0.9936293363571167,610.2138061523438,594.8347778320312,0.9246238470077515
244,715.5433349609375,284.3984069824219,0.9908527135848999,599.7145385742188,370.21624755859375,0.9917387962341309,695.1898803710938,540.5282592773438,0.9892733097076416,546.7998046875,505.1561279296875,0.9946056604385376,605.1862182617188,595.6748657226562,0.9171347618103027
245,714.8118896484375,282.905029296875,0.9923923015594482,598.9583129882812,368.6300964355469,0.9922904968261719,691.6055297851562,539.4923095703125,0.9907057285308838,545.0859985351562,504.09344482421875,0.991205096244812,601.6509399414062,595.4603881835938,0.9390637874603271
246,714.569091796875,282.2415466308594,0.9926435947418213,598.8778686523438,366.93267822265625,0.990257740020752,688.6570434570312,538.1007080078125,0.9856134653091431,543.5131225585938,504.47650146484375,0.99040687084198,597.1451416015625,594.11328125,0.9528049826622009
247,714.3014526367188,281.2305908203125,0.9940013289451599,597.7919921875,364.5957336425781,0.9929752349853516,686.07470703125,538.0653686523438,0.9820194840431213,539.0914916992188,503.0211181640625,0.9890978336334229,590.894775390625,594.5870971679688,0.9218969345092773
248,715.0448608398438,280.0902404785156,0.9925709962844849,597.75,362.2146911621094,0.9934514164924622,684.5773315429688,535.7847290039062,0.9848223924636841,537.1316528320312,500.6315612792969,0.9882272481918335,588.4727172851562,594.9558715820312,0.9326375722885132
249,714.7229614257812,278.9979553222656,0.9934889078140259,596.8746337890625,360.6847839355469,0.9915149211883545,682.4785766601562,533.3966674804688,0.9872074127197266,535.709228515625,498.69879150390625,0.9839304089546204,586.0250854492188,594.8755493164062,0.9359644055366516
250,715.73681640625,277.6753845214844,0.9955571889877319,597.2279663085938,358.2526550292969,0.9923014640808105,680.19873046875,531.7147216796875,0.9830856323242188,532.6036987304688,496.8490295410156,0.988131046295166,578.3482055664062,593.4357299804688,0.9429306983947754
251,716.2386474609375,275.97259521484375,0.9957272410392761,596.8233642578125,356.1051025390625,0.9932526350021362,679.01318359375,528.8406982421875,0.9826502799987793,531.0507202148438,496.4088439941406,0.990206778049469,574.3026123046875,593.5761108398438,0.929222822189331
252,716.600830078125,274.9335632324219,0.9961661696434021,597.3142700195312,354.30523681640625,0.9932801723480225,676.3538818359375,526.6369018554688,0.9850369691848755,528.0626220703125,496.3937683105469,0.9918975830078125,571.19189453125,593.1859741210938,0.9465710520744324
253,717.2128295898438,273.718017578125,0.9951270222663879,597.5938720703125,352.4458923339844,0.9917361736297607,674.21923828125,525.7191772460938,0.9879369735717773,526.0364990234375,495.437744140625,0.9941872954368591,565.1343994140625,592.5038452148438,0.9456677436828613
254,718.0609130859375,273.265380859375,0.9938930869102478,597.6499633789062,351.48907470703125,0.9902369976043701,671.8247680664062,524.4174194335938,0.9874777793884277,524.510986328125,493.79522705078125,0.9917126297950745,561.2485961914062,592.0983276367188,0.9288998246192932
255,718.9724731445312,272.4732971191406,0.9915931224822998,597.9264526367188,350.2098083496094,0.9920933246612549,669.8798828125,524.1303100585938,0.9895920753479004,521.4635009765625,491.7001647949219,0.9937795400619507,556.374267578125,591.8697509765625,0.954319417476654
256,719.84228515625,271.4582824707031,0.9884033799171448,598.4480590820312,348.9537048339844,0.992773175239563,666.958251953125,523.2393188476562,0.9905804395675659,519.9862670898438,490.7520751953125,0.9923096895217896,553.258056640625,590.61376953125,0.9510471820831299
257,720.6900634765625,270.651123046875,0.9886921048164368,599.186767578125,347.3994140625,0.9932041168212891,665.7667236328125,521.6419067382812,0.9865772724151611,518.274658203125,488.0109558105469,0.9924525022506714,547.2806396484375,591.0581665039062,0.9697015285491943
258,721.6043701171875,270.1790466308594,0.9912312626838684,599.7247314453125,346.97027587890625,0.9922640919685364,665.9971923828125,519.8505859375,0.9817037582397461,516.2103881835938,486.9302062988281,0.9928749799728394,544.2244873046875,590.8935546875,0.9214643239974976
259,722.548828125,269.7159423828125,0.9928387403488159,600.6483764648438,346.10394287109375,0.9914757609367371,663.5199584960938,518.3558959960938,0.9849608540534973,514.515380859375,487.0203857421875,0.9913841485977173,541.1275634765625,590.34814453125,0.9459677338600159
260,723.9874267578125,269.551513671875,0.991873025894165,601.3003540039062,345.27813720703125,0.9887247085571289,663.4385375976562,515.5350952148438,0.9827611446380615,512.697021484375,486.6109619140625,0.9857016801834106,536.0228271484375,589.2412109375,0.9521635174751282
261,725.423583984375,269.1072082519531,0.9906041622161865,601.7742919921875,345.46478271484375,0.9894970655441284,661.150146484375,514.3960571289062,0.9849668741226196,510.6415710449219,485.5301208496094,0.9902540445327759,531.115234375,588.9459228515625,0.9737880825996399
262,726.4869384765625,268.8802795410156,0.99051833152771,602.62451171875,345.262451171875,0.9917011857032776,661.0136108398438,512.6812133789062,0.9796043634414673,508.9473876953125,483.6991882324219,0.9935281872749329,528.5999145507812,590.9305419921875,0.958340585231781
263,727.6376342773438,269.41302490234375,0.9870108366012573,604.0016479492188,344.5502624511719,0.9885736703872681,660.3024291992188,511.1011657714844,0.9816666841506958,507.4383850097656,482.1749572753906,0.9930695295333862,524.8071899414062,589.00048828125,0.9686963558197021
264,728.4202880859375,268.84375,0.9862191081047058,605.15771484375,344.9214172363281,0.9862115979194641,659.8441162109375,509.56427001953125,0.9868460893630981,506.54901123046875,480.7823181152344,0.9925661087036133,520.3961181640625,587.5665893554688,0.9574679136276245
265,729.9334716796875,269.3790588378906,0.9887206554412842,607.0494995117188,344.4071960449219,0.9784595966339111,660.0869140625,508.6203308105469,0.9887572526931763,505.56781005859375,479.9665832519531,0.9915193915367126,516.27490234375,586.272705078125,0.949976921081543
266,730.8109130859375,270.81036376953125,0.9904872179031372,609.0368041992188,344.4518127441406,0.9848779439926147,659.4599609375,508.17852783203125,0.9863400459289551,504.3310546875,478.7907409667969,0.9876722097396851,511.66107177734375,587.268798828125,0.9192683696746826
267,731.9598999023438,271.62347412109375,0.9910253286361694,611.2293701171875,344.4767150878906,0.9893803596496582,658.760009765625,507.2279052734375,0.986327052116394,503.696044921875,476.7034912109375,0.9850478172302246,507.7695007324219,585.9111938476562,0.9510250091552734
268,733.2457275390625,273.0467529296875,0.9939286708831787,613.3958740234375,345.208984375,0.9917668700218201,658.056640625,507.1268310546875,0.9836227893829346,502.8277587890625,476.3208312988281,0.9880151152610779,503.3459777832031,585.3499755859375,0.9389193654060364
269,734.6632690429688,274.72705078125,0.9915480613708496,615.5916137695312,345.57061767578125,0.9906114339828491,658.0676879882812,506.9530029296875,0.9838532209396362,501.5990295410156,475.87176513671875,0.9888741970062256,501.4376525878906,585.334716796875,0.9397298097610474
270,736.162841796875,276.6296081542969,0.9957746267318726,617.3043823242188,346.143798828125,0.9844458103179932,658.9866333007812,506.4101257324219,0.9831352829933167,500.82073974609375,475.3619079589844,0.9893109798431396,497.9667663574219,585.909912109375,0.9074212312698364
271,737.916015625,278.4117126464844,0.9953856468200684,618.6640625,346.9202880859375,0.9909403920173645,659.6942138671875,506.21038818359375,0.985376238822937,500.1353759765625,475.02435302734375,0.9895062446594238,492.93280029296875,582.5851440429688,0.9251099824905396
272,739.266845703125,280.2688293457031,0.9891201853752136,620.2288818359375,348.1248474121094,0.9903734922409058,659.434326171875,506.24481201171875,0.9842210412025452,499.6724548339844,474.9949035644531,0.9896278381347656,490.42950439453125,582.8071899414062,0.9169803261756897
273,741.8478393554688,280.3459777832031,0.9762836694717407,623.179443359375,350.254638671875,0.983238697052002,659.4473266601562,506.2385559082031,0.9870687127113342,499.7068786621094,475.33392333984375,0.988695502281189,486.7530822753906,582.7254638671875,0.9174612164497375
274,743.8858642578125,280.8228454589844,0.9888922572135925,625.2095336914062,350.4330749511719,0.9865536689758301,659.5576171875,506.3395080566406,0.9868756532669067,500.06951904296875,475.40460205078125,0.9892359972000122,485.0977783203125,582.935546875,0.9126229882240295
275,745.6488647460938,282.6491394042969,0.9892611503601074,627.6427612304688,351.2213134765625,0.9866009950637817,659.65234375,506.51727294921875,0.9891260862350464,500.24932861328125,475.54779052734375,0.9897247552871704,481.2923889160156,581.2635498046875,0.9134297370910645
276,747.5390014648438,284.1827697753906,0.9828090071678162,629.3584594726562,351.7127685546875,0.9864547252655029,660.13330078125,506.3666076660156,0.9887562990188599,500.75665283203125,475.8392639160156,0.9898443818092346,478.0179443359375,581.2210083007812,0.8929701447486877
277,749.865234375,285.3899230957031,0.9761799573898315,630.8087768554688,352.0517883300781,0.986396312713623,660.5525512695312,506.3697814941406,0.989574670791626,501.0747985839844,476.0858459472656,0.9899221658706665,474.1343688964844,580.992919921875,0.90532386302948
278,751.810546875,285.8101501464844,0.9805006980895996,631.8048095703125,352.494384765625,0.9891181588172913,660.6759033203125,506.27947998046875,0.989989161491394,501.56329345703125,476.37408447265625,0.9893628358840942,470.89288330078125,581.081298828125,0.9274156093597412
279,752.6015625,287.9356384277344,0.988202691078186,633.7652587890625,353.6721496582031,0.989288330078125,660.5051879882812,506.0235595703125,0.9892597198486328,502.3793029785156,476.77105712890625,0.989352285861969,467.1903381347656,579.6235961914062,0.9509864449501038
280,754.5739135742188,289.85845947265625,0.9924173355102539,635.215576171875,355.5809631347656,0.9890702962875366,660.3636474609375,505.9803466796875,0.9885103702545166,502.69024658203125,477.26409912109375,0.9898550510406494,462.70733642578125,578.6116943359375,0.9129278063774109
281,756.2012329101562,290.3213195800781,0.987869918346405,636.504638671875,355.7039794921875,0.988072395324707,660.5707397460938,506.002685546875,0.9884634017944336,503.561279296875,478.16302490234375,0.9878522753715515,458.66748046875,579.8408813476562,0.9255905151367188
282,756.6183471679688,292.20135498046875,0.9882365465164185,638.0109252929688,355.9667053222656,0.9880566000938416,660.6152954101562,505.843994140625,0.9874894618988037,503.7637023925781,478.8852844238281,0.9881502389907837,454.42730712890625,576.8750610351562,0.9610200524330139
283,757.8687744140625,291.28912353515625,0.9855139851570129,639.12255859375,355.5104675292969,0.9860700368881226,660.321533203125,505.894287109375,0.9880022406578064,504.2217712402344,479.6822204589844,0.9887082576751709,451.2260437011719,577.0928344726562,0.9602056741714478
284,759.2220458984375,290.3976135253906,0.9870094060897827,639.6094360351562,355.2381286621094,0.9854693412780762,660.6388549804688,506.07305908203125,0.9886130094528198,504.592529296875,480.78802490234375,0.9882017374038696,448.12982177734375,574.8486938476562,0.9432246685028076
285,760.5734252929688,288.88433837890625,0.9891915917396545,640.0798950195312,354.78314208984375,0.9840469360351562,661.104736328125,505.7438049316406,0.9873045682907104,504.4356384277344,481.44451904296875,0.987332820892334,445.1997985839844,572.4765625,0.9465024471282959
286,761.323974609375,288.57318115234375,0.9895620346069336,640.38720703125,354.4892883300781,0.9825900793075562,661.3984375,505.27398681640625,0.9864081740379333,504.03271484375,481.8750305175781,0.9880256652832031,440.8641662597656,571.816650390625,0.9484053254127502
287,762.3516845703125,286.3323974609375,0.9855372905731201,640.6046752929688,353.8509521484375,0.9818434715270996,661.7051391601562,504.8851623535156,0.9829288721084595,503.70745849609375,482.0018005371094,0.9873046875,438.9068908691406,571.8211669921875,0.9658197164535522
288,762.5594482421875,284.8844909667969,0.9859403371810913,640.7317504882812,352.3601989746094,0.9755347967147827,662.2981567382812,504.5590515136719,0.9791440963745117,503.4997253417969,482.469970703125,0.9864493012428284,437.0732727050781,569.798583984375,0.9684696793556213
289,762.2164916992188,282.8870544433594,0.9889265298843384,640.2665405273438,351.9264221191406,0.9801801443099976,662.7571411132812,504.16436767578125,0.9766374826431274,503.7611083984375,482.2325744628906,0.9855818748474121,435.8117370605469,570.50537109375,0.9755643606185913
290,762.0867919921875,282.0214538574219,0.9887644052505493,640.5894775390625,350.11553955078125,0.9746004343032837,663.6903686523438,504.7276916503906,0.9734737277030945,504.33349609375,481.5301208496094,0.9858361482620239,435.3076477050781,570.0946655273438,0.9780334234237671
291,761.5322875976562,280.6767578125,0.9898021221160889,640.099853515625,348.63824462890625,0.9788511991500854,666.2872924804688,502.8836364746094,0.9747360944747925,503.2716979980469,480.941162109375,0.9825965762138367,433.694580078125,571.3411254882812,0.9765605926513672
292,761.090576171875,278.416259765625,0.9912514686584473,640.0462646484375,348.69140625,0.9776791334152222,667.6245727539062,501.97344970703125,0.9792163372039795,505.1337890625,478.7497253417969,0.9857258796691895,433.8866271972656,570.8246459960938,0.9750334620475769
293,761.6299438476562,275.5238952636719,0.9943795204162598,640.0086669921875,345.2698059082031,0.9790045022964478,669.7072143554688,501.67803955078125,0.9797537922859192,508.5572509765625,476.6117248535156,0.9890475273132324,435.47479248046875,569.0452270507812,0.9629639983177185
294,761.2314453125,273.8186340332031,0.9928287863731384,640.1543579101562,344.0632629394531,0.9769084453582764,671.81689453125,500.8899841308594,0.9727954864501953,511.4306335449219,474.5548400878906,0.9862760305404663,438.42047119140625,565.1867065429688,0.9495785236358643
295,761.8428955078125,271.38104248046875,0.9895440340042114,641.3864135742188,342.53668212890625,0.981262743473053,672.7611083984375,501.414794921875,0.9732612371444702,514.143310546875,472.5809326171875,0.9869062900543213,438.59100341796875,566.8577270507812,0.9114648103713989
296,762.56103515625,269.2095947265625,0.9836939573287964,641.7190551757812,341.0762939453125,0.9868779182434082,674.4767456054688,501.38604736328125,0.9826319217681885,515.74560546875,471.4022521972656,0.9879600405693054,440.63519287109375,563.8239135742188,0.8982398509979248
297,762.4925537109375,267.09222412109375,0.985397458076477,642.0906372070312,338.6669006347656,0.9886723756790161,676.8131713867188,502.1547546386719,0.9858373403549194,516.8688354492188,471.2251892089844,0.9881070852279663,440.81805419921875,565.2618408203125,0.8482369184494019
298,762.19189453125,265.5036926269531,0.9901257157325745,642.722900390625,336.917724609375,0.9881384968757629,679.490234375,503.5032653808594,0.9797995686531067,517.5292358398438,472.0669250488281,0.989287257194519,441.60015869140625,564.9166259765625,0.8553552627563477
299,762.6356201171875,263.9471740722656,0.9901193380355835,643.3143920898438,335.2782897949219,0.984542965888977,683.8279418945312,503.70654296875,0.9793864488601685,518.2461547851562,473.02020263671875,0.9893063306808472,444.2368469238281,564.4453735351562,0.9123154878616333
300,762.6500244140625,261.83172607421875,0.9888538718223572,643.5092163085938,335.4654541015625,0.9851816892623901,684.7984619140625,504.43310546875,0.9786373376846313,518.9599609375,473.8055114746094,0.987718939781189,449.9410705566406,564.1408081054688,0.8337984085083008
301,763.1467895507812,259.022216796875,0.992324709892273,644.064208984375,334.4049377441406,0.9892536997795105,690.9031372070312,504.14013671875,0.980894923210144,520.9096069335938,474.0810852050781,0.9813175201416016,455.5870666503906,566.6156005859375,0.9135395288467407
302,763.0552368164062,257.57843017578125,0.9907124042510986,644.5153198242188,333.9326171875,0.9913568496704102,694.7019653320312,505.013427734375,0.9827014803886414,522.8973999023438,474.54608154296875,0.9880645275115967,462.8121032714844,570.6242065429688,0.888433039188385
303,763.4169311523438,256.1087951660156,0.9877423048019409,644.8368530273438,333.084716796875,0.9920972585678101,697.2974243164062,505.9479675292969,0.9820619821548462,526.364013671875,472.9334716796875,0.9886761903762817,469.4267578125,571.2403564453125,0.9462941884994507
304,763.87841796875,255.3096466064453,0.982699990272522,645.4283447265625,332.51513671875,0.9931139945983887,700.6654052734375,506.018310546875,0.9798320531845093,531.1915893554688,470.0145568847656,0.9867676496505737,480.3741760253906,572.359375,0.9384444355964661
305,764.2786865234375,254.89988708496094,0.9750370979309082,645.9528198242188,332.05303955078125,0.9934643507003784,706.1048583984375,504.18170166015625,0.974829912185669,533.1101684570312,465.4263000488281,0.9877434372901917,490.84271240234375,572.4737548828125,0.9568179249763489
306,766.0086059570312,253.8966522216797,0.9761009216308594,647.02099609375,330.78253173828125,0.9939999580383301,708.7616577148438,504.2211608886719,0.9767217040061951,535.1726684570312,459.9541015625,0.987832248210907,505.9442138671875,568.5042724609375,0.9298821687698364
307,766.1382446289062,252.8023681640625,0.9796218276023865,647.608642578125,330.18353271484375,0.9940306544303894,713.9344482421875,504.2551574707031,0.9692920446395874,537.1483154296875,457.31964111328125,0.9880419373512268,518.9491577148438,568.857177734375,0.9353907108306885
308,766.7171630859375,251.92149353027344,0.9779496192932129,648.3853759765625,329.3276672363281,0.9921116828918457,715.2744140625,504.66033935546875,0.971190333366394,539.734375,453.805908203125,0.9907783269882202,531.5758056640625,568.9742431640625,0.9485821723937988
309,767.6494140625,251.0029296875,0.9840668439865112,649.1112670898438,328.8985595703125,0.9908307194709778,716.9560546875,504.55914306640625,0.9733222723007202,542.6041870117188,450.024169921875,0.9935575127601624,545.3653564453125,568.9735107421875,0.9455928802490234
310,769.4407348632812,249.35560607910156,0.988425612449646,649.64111328125,328.6239318847656,0.9898645877838135,719.431884765625,504.20306396484375,0.9665130376815796,546.2556762695312,446.1368408203125,0.9879839420318604,559.4711303710938,565.6885375976562,0.9154788255691528
311,770.8675537109375,249.38157653808594,0.987616777420044,650.6939697265625,328.3456726074219,0.9900137186050415,721.0429077148438,503.6251525878906,0.978560209274292,550.5606689453125,444.8241271972656,0.9922021627426147,574.137451171875,563.7565307617188,0.9397578239440918
312,772.389404296875,248.5197296142578,0.9875804781913757,652.67236328125,327.5255126953125,0.9909498691558838,724.8422241210938,503.6983337402344,0.9796875715255737,554.5811157226562,444.79412841796875,0.990989625453949,583.838134765625,559.5714111328125,0.8902939558029175
313,774.2958984375,247.9683837890625,0.9855408668518066,654.2015991210938,326.603271484375,0.9923266172409058,730.6688232421875,502.8614807128906,0.9777956604957581,559.1846313476562,443.6009216308594,0.99199378490448,594.2356567382812,555.3888549804688,0.9361758232116699
314,777.3385009765625,246.927978515625,0.991021454334259,656.0014038085938,326.3216552734375,0.9889700412750244,735.9261474609375,501.6553955078125,0.9821264743804932,564.1768188476562,442.0304870605469,0.9950283765792847,606.5745849609375,553.3639526367188,0.8428812623023987
315,778.5399169921875,246.6908721923828,0.9922399520874023,658.19775390625,325.1521911621094,0.9891121983528137,739.4342651367188,501.9716491699219,0.9871847629547119,570.0301513671875,444.9029541015625,0.9922583103179932,615.2333374023438,549.6414794921875,0.918350875377655
316,780.7691040039062,246.2234649658203,0.9884917736053467,660.1702880859375,325.35748291015625,0.9933860301971436,743.8924560546875,502.40679931640625,0.9840585589408875,575.4962768554688,443.5714111328125,0.9898495674133301,626.1891479492188,549.4230346679688,0.9223813414573669
317,782.7442016601562,246.43507385253906,0.9922141432762146,662.6746826171875,325.44866943359375,0.992565393447876,748.4378662109375,502.58599853515625,0.9900510311126709,582.7444458007812,445.4185791015625,0.9915953874588013,639.2058715820312,550.4966430664062,0.8558261394500732
318,785.001220703125,246.4624786376953,0.9945434927940369,664.2875366210938,325.50860595703125,0.9894979000091553,753.7908325195312,501.8129577636719,0.9871299862861633,589.9089965820312,450.0412902832031,0.9947858452796936,651.0904541015625,550.5913696289062,0.9305886626243591
319,786.7474365234375,246.54684448242188,0.9964513778686523,666.4921875,325.87811279296875,0.991379976272583,760.08642578125,502.85150146484375,0.979321300983429,597.9680786132812,454.0079040527344,0.9872407913208008,666.3667602539062,553.6392822265625,0.9119096994400024
320,788.3703002929688,246.90338134765625,0.9964585304260254,669.8143920898438,327.26617431640625,0.9900262355804443,766.3544311523438,502.43316650390625,0.9850232005119324,605.105712890625,458.21484375,0.9946702718734741,674.1900024414062,550.2544555664062,0.9223023653030396
321,789.8692016601562,246.87063598632812,0.9947570562362671,672.7422485351562,328.0342712402344,0.9843959808349609,771.7718505859375,502.34002685546875,0.9874540567398071,612.0230102539062,461.7704162597656,0.9953941106796265,688.1057739257812,554.2283935546875,0.9226558804512024
322,792.5032958984375,246.14093017578125,0.9934778809547424,674.4599609375,328.9703063964844,0.9902350306510925,778.9535522460938,502.598388671875,0.9859024286270142,621.4697265625,469.6080627441406,0.9934351444244385,702.1309814453125,555.3244018554688,0.9383720755577087
323,794.8460083007812,246.8351287841797,0.9920294880867004,679.3116455078125,329.93341064453125,0.9934555292129517,784.021728515625,503.0579528808594,0.9874374866485596,628.7887573242188,474.3478088378906,0.9967312812805176,710.8538818359375,558.169189453125,0.9431545734405518
324,797.6168212890625,247.55874633789062,0.9886590242385864,681.0028076171875,331.68634033203125,0.987460196018219,790.6887817382812,504.1484680175781,0.9863007068634033,637.6492309570312,482.9755859375,0.9954447746276855,721.4732666015625,561.0443115234375,0.9308071136474609
325,799.803955078125,248.0231170654297,0.9882652759552002,684.0105590820312,332.8475341796875,0.9925292730331421,796.68505859375,505.5599060058594,0.9860053062438965,644.9832153320312,487.8680725097656,0.9954662322998047,732.2818603515625,564.683349609375,0.9458790421485901
326,801.6138916015625,249.33963012695312,0.9932408928871155,686.7772827148438,334.88104248046875,0.9917508363723755,803.150390625,506.26043701171875,0.9906307458877563,655.8827514648438,495.33221435546875,0.9910813570022583,740.1929321289062,568.5903930664062,0.9383016228675842
327,805.1110229492188,250.6812744140625,0.9925253391265869,689.9779052734375,336.9212341308594,0.9902464151382446,809.1307983398438,507.1309509277344,0.992256224155426,664.95556640625,501.77838134765625,0.9894710779190063,749.122314453125,570.03271484375,0.9224705696105957
328,807.7818603515625,253.15773010253906,0.9911057353019714,692.8780517578125,339.8288269042969,0.9924405813217163,815.4337158203125,509.0631103515625,0.9868471622467041,673.2509765625,507.45147705078125,0.9958343505859375,758.5609741210938,576.5045776367188,0.9048395752906799
329,808.8944091796875,255.14913940429688,0.9917501211166382,695.7891845703125,342.9539794921875,0.9892416596412659,822.22509765625,512.2182006835938,0.9864624738693237,681.10546875,515.0100708007812,0.9871107339859009,768.5170288085938,582.200439453125,0.8911511301994324
330,811.30517578125,258.2467041015625,0.9962520003318787,697.6326293945312,346.8078918457031,0.9924625158309937,827.0692749023438,514.5418701171875,0.9853742122650146,689.43505859375,519.2903442382812,0.9904881715774536,771.876708984375,587.3312377929688,0.9438486099243164
331,812.5899658203125,261.6006774902344,0.9959713816642761,700.431396484375,350.7508239746094,0.9926011562347412,832.9234619140625,518.9259643554688,0.9886154532432556,696.0059814453125,522.4559936523438,0.992276668548584,774.5120239257812,592.5204467773438,0.9276494979858398
332,814.6893310546875,263.9623718261719,0.988305926322937,702.925048828125,355.3833923339844,0.992093563079834,834.7427978515625,522.4965209960938,0.9916737675666809,699.294921875,525.0650024414062,0.9930428862571716,773.284912109375,591.79638671875,0.9299702048301697
333,814.9088134765625,267.68890380859375,0.9876278638839722,703.4987182617188,360.2720947265625,0.9853260517120361,836.7581176757812,525.2653198242188,0.9890735149383545,698.5650024414062,521.70556640625,0.9910885095596313,771.140869140625,592.2720947265625,0.9444149136543274
334,817.0430297851562,271.6268310546875,0.9931808114051819,706.0081787109375,365.3035888671875,0.9936336278915405,837.6109619140625,530.259521484375,0.9883187413215637,696.3233032226562,520.1500244140625,0.9851949214935303,764.9444580078125,593.3363037109375,0.937544047832489
335,817.642578125,276.5238037109375,0.9973299503326416,708.1599731445312,368.5713195800781,0.9912368059158325,835.648681640625,535.5148315429688,0.9889590740203857,692.8231811523438,518.3949584960938,0.9879190921783447,762.0776977539062,593.550048828125,0.927627444267273
336,818.5864868164062,280.3230895996094,0.9957420229911804,709.1783447265625,372.4083557128906,0.9916064143180847,833.159423828125,538.8382568359375,0.9894565343856812,688.0320434570312,519.368896484375,0.9874991178512573,756.590576171875,593.5722045898438,0.941597580909729
337,820.1278076171875,281.9679260253906,0.9942986369132996,709.9160766601562,375.8954772949219,0.9896734952926636,830.2424926757812,541.4517822265625,0.9817135334014893,681.3531494140625,519.7015991210938,0.9875679016113281,749.3657836914062,595.9968872070312,0.9330700039863586
338,820.815673828125,285.4654846191406,0.9918623566627502,710.312744140625,378.40582275390625,0.9937094449996948,827.8446044921875,544.6961669921875,0.9837020635604858,676.5009765625,517.3355712890625,0.9879732728004456,745.9188232421875,595.974609375,0.9455727338790894
339,821.4895629882812,287.8493347167969,0.9897849559783936,710.3171997070312,379.92376708984375,0.9938445091247559,824.670654296875,548.6590576171875,0.9777617454528809,672.5133666992188,518.1529541015625,0.9893796443939209,740.916748046875,595.3848876953125,0.9508854150772095
340,820.6743774414062,288.998291015625,0.9929927587509155,709.3558959960938,381.0587463378906,0.9936658143997192,819.7188110351562,550.0571899414062,0.986987829208374,667.6275634765625,516.0896606445312,0.9948828220367432,733.3139038085938,596.5438842773438,0.9345124959945679
341,820.5592041015625,290.0510559082031,0.9946744441986084,708.3197631835938,381.05694580078125,0.9941717386245728,815.8229370117188,550.2974243164062,0.9799563884735107,665.0662231445312,513.7192993164062,0.9828728437423706,729.1600952148438,596.2151489257812,0.9476491808891296
342,820.3564453125,290.4835510253906,0.9955024719238281,706.9498291015625,380.1047058105469,0.9940910339355469,812.5316772460938,551.8672485351562,0.9828473329544067,659.6611328125,511.4487609863281,0.9868979454040527,724.23193359375,595.3978271484375,0.9532222747802734
343,820.3297119140625,290.0114440917969,0.9946799278259277,704.956787109375,379.2136535644531,0.9931167364120483,808.954833984375,551.1193237304688,0.977652907371521,656.81005859375,511.99951171875,0.987684965133667,717.7606201171875,597.0277709960938,0.924431562423706
344,819.836669921875,289.36041259765625,0.9946138858795166,703.4097900390625,377.72955322265625,0.9867687225341797,804.4502563476562,550.781982421875,0.9889498949050903,653.8201293945312,510.3037414550781,0.9920095205307007,715.0053100585938,596.9193115234375,0.9443206787109375
345,819.859619140625,288.0674133300781,0.9933326244354248,703.4385375976562,376.60125732421875,0.9790359735488892,801.6716918945312,549.1849975585938,0.9874633550643921,649.8550415039062,508.79705810546875,0.9923115372657776,710.0005493164062,596.127197265625,0.9512173533439636
346,820.181396484375,287.43768310546875,0.992091953754425,702.608642578125,374.5235595703125,0.9861242771148682,799.2484130859375,547.1310424804688,0.9801731109619141,647.76416015625,505.51495361328125,0.9918739199638367,705.755859375,595.8330688476562,0.947345495223999
347,819.8086547851562,285.8685607910156,0.9934422969818115,701.62939453125,372.92413330078125,0.990721583366394,796.9024047851562,545.3436279296875,0.9814245104789734,643.8950805664062,503.38671875,0.9927588701248169,699.6710205078125,596.3434448242188,0.9486347436904907
348,819.2889404296875,284.9034118652344,0.9941093921661377,700.6961059570312,371.12078857421875,0.9931923747062683,793.8729248046875,543.1317138671875,0.9720105528831482,641.2821655273438,502.9022521972656,0.989564061164856,696.9645385742188,596.5562744140625,0.9469935894012451
349,819.497802734375,283.8568115234375,0.9948248863220215,700.2100830078125,369.2108154296875,0.9933947324752808,791.7181396484375,541.6704711914062,0.9816137552261353,639.1431884765625,502.6034240722656,0.9915366172790527,691.410400390625,594.8220825195312,0.9574629664421082
350,819.8206176757812,282.5932922363281,0.9954631924629211,699.722412109375,367.2010192871094,0.9929406642913818,789.0645141601562,540.3732299804688,0.9892915487289429,635.7791748046875,500.8489685058594,0.9945944547653198,686.3341064453125,596.0891723632812,0.9409348368644714
351,819.5639038085938,281.7772521972656,0.9944324493408203,699.0582275390625,365.31036376953125,0.9922694563865662,785.7466430664062,539.4713134765625,0.9869729280471802,633.03125,498.0093688964844,0.9914449453353882,683.3325805664062,595.9323120117188,0.9540087580680847
352,820.072021484375,280.7228698730469,0.9941203594207764,698.7366333007812,364.284912109375,0.9938386082649231,784.4009399414062,538.1992797851562,0.9808833599090576,631.6361694335938,493.8821716308594,0.9857165813446045,678.6517333984375,595.1373901367188,0.9577159881591797
353,820.5786743164062,280.5481262207031,0.9933468103408813,698.5508422851562,363.268798828125,0.9934412837028503,781.2767944335938,538.2288818359375,0.9768646955490112,629.0506591796875,493.5440368652344,0.9877994060516357,674.52099609375,594.1485595703125,0.9605041742324829
354,820.5427856445312,280.81951904296875,0.9939513802528381,698.6480102539062,361.9508056640625,0.9925862550735474,781.5463256835938,536.6196899414062,0.9798673391342163,626.764404296875,493.3665466308594,0.9929179549217224,669.957275390625,594.795654296875,0.9504521489143372
355,820.8912963867188,280.3959045410156,0.9931876063346863,698.7977905273438,360.9837646484375,0.9888449907302856,779.0377807617188,535.1748657226562,0.982058048248291,624.4868774414062,492.9495849609375,0.9910804033279419,667.9912719726562,595.87158203125,0.9459779858589172
356,821.404541015625,280.102294921875,0.9937775135040283,698.88037109375,360.3705139160156,0.9850001335144043,778.0025634765625,532.8564453125,0.9827091693878174,622.5579223632812,493.9107666015625,0.9914281368255615,662.290771484375,594.0464477539062,0.9544786214828491
357,822.1943969726562,279.47064208984375,0.9924594759941101,699.646240234375,358.4171447753906,0.9872941970825195,776.966552734375,530.5191650390625,0.9808309078216553,620.7993774414062,491.93115234375,0.9915255904197693,656.6698608398438,592.919189453125,0.9258702993392944
358,824.5399780273438,278.3424377441406,0.9938156008720398,700.2672119140625,357.11883544921875,0.9907141923904419,775.5112915039062,529.6221923828125,0.9797026515007019,618.107421875,490.5347595214844,0.9922019243240356,652.8832397460938,594.193603515625,0.950462281703949
359,825.7575073242188,278.148193359375,0.9944740533828735,701.5294799804688,355.8526916503906,0.9915949702262878,773.188720703125,528.4854125976562,0.9822571277618408,615.857666015625,488.37713623046875,0.9870576858520508,649.162841796875,594.0675048828125,0.9562891721725464
360,826.9763793945312,278.1015319824219,0.9945108890533447,702.3951416015625,354.98858642578125,0.9915784597396851,771.8592529296875,526.6603393554688,0.9857995510101318,613.3555908203125,487.0627136230469,0.9904628992080688,638.7509765625,590.9742431640625,0.9579727649688721
361,828.144775390625,278.7895202636719,0.9934608936309814,703.6025390625,354.7010498046875,0.9889594316482544,768.70556640625,526.0667724609375,0.9835473895072937,611.1842041015625,486.68756103515625,0.9900566339492798,632.58056640625,589.2423095703125,0.9545841217041016
362,829.126220703125,279.131103515625,0.9926652312278748,704.7158203125,354.4071350097656,0.9863199591636658,767.6603393554688,525.085693359375,0.9823668003082275,610.62060546875,486.4065856933594,0.9840734004974365,634.0039672851562,590.6592407226562,0.9500998258590698
363,831.1839599609375,279.7047119140625,0.9911589622497559,706.0737915039062,353.2103576660156,0.9865326881408691,765.5775756835938,524.5693359375,0.9860131740570068,607.8034057617188,485.2918701171875,0.9845411777496338,629.8380737304688,590.5095825195312,0.9542960524559021
364,832.023193359375,280.1959228515625,0.9942177534103394,706.9971923828125,353.3560791015625,0.9895766973495483,764.5506591796875,524.142333984375,0.9867664575576782,606.4103393554688,483.8140563964844,0.9916340112686157,624.1336669921875,590.3320922851562,0.9540235996246338
365,833.3150634765625,280.9810791015625,0.9937480092048645,708.20654296875,353.750732421875,0.9916669130325317,763.0591430664062,523.5347290039062,0.9850335121154785,605.1318359375,482.4761962890625,0.993687629699707,621.30419921875,589.9214477539062,0.9581234455108643
366,835.0399169921875,279.84527587890625,0.9927288293838501,709.5235595703125,353.6340026855469,0.9924046397209167,761.970947265625,523.0458984375,0.9844822883605957,603.5524291992188,481.66192626953125,0.9933709502220154,617.2662963867188,588.6358642578125,0.9679719805717468
367,836.868896484375,281.1694030761719,0.9925941228866577,710.774658203125,354.1500244140625,0.9907657504081726,760.958740234375,522.0147705078125,0.9805633425712585,602.65625,480.51531982421875,0.9926598072052002,615.2620239257812,588.9859619140625,0.9628710746765137
368,838.6343994140625,282.46429443359375,0.9906721711158752,712.2991333007812,355.02923583984375,0.9883815050125122,761.3607788085938,521.4443969726562,0.9770677089691162,601.6145629882812,479.7854309082031,0.9904071092605591,609.9675903320312,588.2191772460938,0.9627599716186523
369,839.799072265625,283.6421813964844,0.9869554042816162,713.9940795898438,355.11981201171875,0.9908846616744995,763.3765869140625,520.30322265625,0.9748884439468384,600.2451171875,479.2273254394531,0.9811879396438599,606.9548950195312,588.3551635742188,0.9580263495445251
370,841.09765625,283.7295837402344,0.9898582696914673,715.99560546875,355.7561340332031,0.9938514232635498,763.7103271484375,519.8983154296875,0.9807187914848328,599.6175537109375,477.6974792480469,0.9742769002914429,604.0548706054688,588.3572387695312,0.9743707180023193
371,842.3026733398438,285.3605041503906,0.9881407022476196,717.7200317382812,356.78131103515625,0.9922453165054321,764.288818359375,519.2777099609375,0.982042670249939,598.609375,477.85113525390625,0.9782668948173523,598.93896484375,587.5933837890625,0.9723473191261292
372,843.1805419921875,287.0569152832031,0.984018087387085,719.2755737304688,358.05859375,0.9859145879745483,764.7803955078125,519.0110473632812,0.9829955697059631,597.35986328125,477.4262390136719,0.9810546636581421,596.3683471679688,587.3961181640625,0.9444141387939453
373,844.2796630859375,288.8981628417969,0.9892057180404663,720.90087890625,358.2000732421875,0.9810245037078857,765.1660766601562,518.6688842773438,0.9825021028518677,596.5335693359375,477.14886474609375,0.9824955463409424,593.1687622070312,587.6998901367188,0.9279198050498962
374,845.0736694335938,290.5318298339844,0.9877915978431702,722.173095703125,358.8430480957031,0.9854414463043213,765.9459838867188,518.4817504882812,0.9799132347106934,596.0235595703125,477.155517578125,0.9827700853347778,588.5973510742188,586.5847778320312,0.9571971893310547
375,846.3551025390625,291.81085205078125,0.9854298830032349,723.72412109375,359.4068298339844,0.9876987934112549,765.7659301757812,518.3995971679688,0.9809269905090332,595.9553833007812,477.14996337890625,0.9829895496368408,584.4462280273438,586.2697143554688,0.9672176837921143
376,847.6366577148438,293.7039489746094,0.9866757392883301,725.42431640625,359.5000305175781,0.988214373588562,766.4740600585938,518.4779663085938,0.9798390865325928,595.905517578125,477.133544921875,0.9835604429244995,581.496337890625,585.2919311523438,0.9581416845321655
377,848.3055419921875,294.76849365234375,0.9905534982681274,726.5213012695312,360.664306640625,0.9900532364845276,765.1903686523438,518.8848266601562,0.9813879728317261,595.99560546875,477.3216552734375,0.9827663898468018,578.2262573242188,582.9447021484375,0.944241464138031
378,849.05322265625,295.62969970703125,0.9914222955703735,727.1830444335938,360.99151611328125,0.9902153015136719,765.1857299804688,518.3353881835938,0.9826430678367615,595.656005859375,477.3692932128906,0.9844554662704468,573.9265747070312,583.2306518554688,0.934201717376709
379,849.5816650390625,296.4490051269531,0.9912757277488708,728.0192260742188,361.6655578613281,0.9898321628570557,764.4780883789062,517.6082763671875,0.9832252264022827,596.6530151367188,478.3753662109375,0.9857727289199829,571.3523559570312,583.7967529296875,0.9310082197189331
380,850.530517578125,296.30938720703125,0.9871653318405151,728.58447265625,361.37518310546875,0.9888159036636353,764.053466796875,516.62060546875,0.9834299087524414,596.5131225585938,478.5008239746094,0.9865203499794006,567.014892578125,581.9351806640625,0.9563915133476257
381,851.5863037109375,296.63909912109375,0.9843812584877014,729.3250122070312,361.3134460449219,0.9864006042480469,763.3029174804688,515.8431396484375,0.982698917388916,596.502685546875,478.68511962890625,0.986848771572113,564.2666015625,582.9603271484375,0.9533703327178955
382,851.9888916015625,296.52960205078125,0.9859331250190735,729.5496215820312,361.2417297363281,0.9864982962608337,762.226318359375,515.3668823242188,0.9802560806274414,595.7744750976562,478.7839050292969,0.9862889051437378,560.2064208984375,580.640625,0.940131664276123
383,852.501220703125,296.697998046875,0.9820005893707275,729.603515625,361.0355529785156,0.9862338304519653,761.7488403320312,515.3521728515625,0.9785555005073547,594.6577758789062,479.1289367675781,0.9829449653625488,556.2490844726562,581.9794921875,0.9246937036514282
384,852.650390625,296.58282470703125,0.9853473901748657,729.6043090820312,361.07843017578125,0.9876929521560669,759.2830200195312,515.6831665039062,0.9798426628112793,592.1402587890625,480.1971740722656,0.984351396560669,551.9511108398438,581.8235473632812,0.938400387763977
385,852.161376953125,296.4563293457031,0.9887391328811646,729.3565063476562,360.9804992675781,0.9876872301101685,758.7232055664062,515.2415771484375,0.9820664525032043,591.0606689453125,480.7270812988281,0.986565113067627,548.4413452148438,580.70556640625,0.9739285707473755
386,851.9556884765625,295.6556701660156,0.9920084476470947,728.895263671875,360.7545471191406,0.9874129295349121,758.0608520507812,515.1312255859375,0.9828346967697144,590.6138305664062,480.9194641113281,0.9876883029937744,545.4169921875,580.22314453125,0.9599510431289673
387,851.505126953125,294.5633850097656,0.9931741952896118,728.1878051757812,360.59454345703125,0.9885354042053223,758.6871948242188,514.2484741210938,0.9816160202026367,590.2527465820312,481.3822021484375,0.9891851544380188,542.9375,580.1068725585938,0.9473837614059448
388,851.2539672851562,292.7908935546875,0.9947971105575562,727.8956298828125,360.0343017578125,0.98749840259552,758.3892211914062,512.947509765625,0.9808557033538818,589.921875,481.6829833984375,0.9898569583892822,538.5516967773438,578.7215576171875,0.9633694887161255
389,850.729248046875,291.7151794433594,0.9952329397201538,727.3613891601562,359.5176086425781,0.9847870469093323,757.7875366210938,511.9397888183594,0.9821792840957642,589.5266723632812,482.1719055175781,0.9900308847427368,535.3980712890625,577.8011474609375,0.9738309383392334
390,850.005615234375,289.6142883300781,0.994982123374939,727.456298828125,357.75067138671875,0.9875531196594238,758.4007568359375,510.70062255859375,0.9870719909667969,589.2967529296875,482.2288818359375,0.9894803762435913,533.9342651367188,576.8301391601562,0.9751802682876587
391,850.8189086914062,287.7748718261719,0.9911649227142334,726.8045654296875,356.9375915527344,0.9911428093910217,757.680908203125,509.5809326171875,0.9905470013618469,589.1218872070312,482.5460205078125,0.9899678230285645,531.3187255859375,576.1809692382812,0.9767636060714722
392,850.473388671875,285.8985290527344,0.9922420978546143,726.1890258789062,355.1583251953125,0.9920979738235474,757.7573852539062,508.863525390625,0.9921181797981262,589.2361450195312,482.9040222167969,0.9899462461471558,530.46044921875,575.006103515625,0.9668321013450623
393,850.5140991210938,283.2594299316406,0.9913001656532288,726.1902465820312,353.3115234375,0.9902781248092651,757.85107421875,508.49664306640625,0.9931811094284058,589.6970825195312,483.3459167480469,0.9890094995498657,528.9833984375,575.8175048828125,0.9734015464782715
394,849.97998046875,281.05255126953125,0.989388108253479,726.2073974609375,351.3885803222656,0.9871655106544495,758.9115600585938,507.9570617675781,0.9918358325958252,590.1751098632812,483.38287353515625,0.9882507920265198,528.0946655273438,575.7639770507812,0.9778857231140137
395,849.4344482421875,280.1351623535156,0.9904667139053345,726.2874755859375,350.4839172363281,0.986038088798523,759.1250610351562,507.5240478515625,0.9912762641906738,591.2134399414062,483.16595458984375,0.9865996837615967,527.2798461914062,575.2403564453125,0.9803833961486816
396,849.4488525390625,277.2744140625,0.995915949344635,726.2651977539062,349.0815734863281,0.9908944368362427,760.2108154296875,507.4373779296875,0.9878882169723511,592.5506591796875,481.948486328125,0.9815934300422668,526.52978515625,575.4407958984375,0.9808372855186462
397,849.5319213867188,275.1341552734375,0.9953194856643677,726.5820922851562,347.12164306640625,0.9932500720024109,760.99853515625,506.1426086425781,0.985913097858429,596.5955810546875,478.4249267578125,0.9836091995239258,526.9537353515625,574.5224609375,0.9726836085319519
398,851.0457763671875,272.0062561035156,0.99027019739151,726.6001586914062,345.17413330078125,0.993921160697937,761.9540405273438,505.95819091796875,0.9870621562004089,597.560546875,476.20159912109375,0.9876999855041504,525.9277954101562,571.3674926757812,0.9758033752441406
399,851.307373046875,269.5650939941406,0.9907320737838745,726.634521484375,343.3765869140625,0.9907670021057129,763.2899169921875,505.92376708984375,0.9850862622261047,599.1075439453125,474.6055603027344,0.9847105741500854,527.921875,569.7326049804688,0.9582289457321167
400,851.744140625,266.503662109375,0.9895470142364502,727.138427734375,341.3607482910156,0.9922657012939453,765.1825561523438,505.5453796386719,0.9799731969833374,600.53564453125,473.2773742675781,0.9685225486755371,527.6226806640625,569.1487426757812,0.9351868629455566
401,851.47216796875,264.68023681640625,0.9852602481842041,727.7435302734375,338.9906311035156,0.9907184839248657,769.3746948242188,503.4125061035156,0.9743143320083618,602.6156005859375,471.8485107421875,0.9745172262191772,528.3773803710938,567.8179931640625,0.9136936664581299
402,851.2770385742188,263.7110290527344,0.9911245107650757,727.6954345703125,335.5823669433594,0.9893968105316162,771.2890625,503.23431396484375,0.9770961999893188,602.4783325195312,472.81280517578125,0.977638840675354,527.1103515625,570.5232543945312,0.8924926519393921
403,852.2879638671875,261.0495910644531,0.9954229593276978,728.1773681640625,333.7031555175781,0.9885677099227905,774.1583862304688,503.1928405761719,0.9757136106491089,603.3511962890625,473.53460693359375,0.9780206084251404,528.7025146484375,569.9280395507812,0.9049009680747986
404,852.6119995117188,258.68524169921875,0.9927372336387634,730.1333618164062,332.39239501953125,0.9897745251655579,779.0260009765625,502.23626708984375,0.9660513997077942,604.8803100585938,473.9199523925781,0.9826498031616211,531.0413208007812,569.96923828125,0.929192841053009
405,855.4638061523438,256.02557373046875,0.9827536940574646,731.1998901367188,331.57318115234375,0.9922767281532288,783.3677368164062,502.3291015625,0.9638283252716064,606.3041381835938,474.97344970703125,0.9824151992797852,536.7000732421875,570.3286743164062,0.9312470555305481
406,855.8968505859375,252.84100341796875,0.9820362329483032,731.9561767578125,330.8634338378906,0.9921942353248596,785.0687866210938,501.75787353515625,0.9631199836730957,608.9383544921875,473.97637939453125,0.9862653017044067,544.2037353515625,572.2708129882812,0.9254729747772217
407,856.7932739257812,251.47250366210938,0.9892160892486572,732.86962890625,330.1232604980469,0.9901436567306519,787.8395385742188,501.8181457519531,0.9781601428985596,611.479736328125,472.5731506347656,0.9869445562362671,552.8247680664062,570.318603515625,0.9402716159820557
408,857.9840698242188,250.2837677001953,0.9918414354324341,734.6617431640625,328.8543395996094,0.9841326475143433,791.99560546875,502.10455322265625,0.965421199798584,615.4569091796875,469.530029296875,0.9841854572296143,562.23974609375,569.6685791015625,0.9649239778518677
409,859.1270141601562,249.95553588867188,0.9885072708129883,736.8762817382812,327.6155700683594,0.9827355146408081,796.3262329101562,501.9299621582031,0.9747965335845947,616.7368774414062,466.00506591796875,0.9775211811065674,575.4537353515625,570.83251953125,0.9379432797431946
410,860.6893920898438,248.983642578125,0.9868960976600647,738.2045288085938,326.0303955078125,0.989014208316803,800.1205444335938,500.7267150878906,0.9749236702919006,619.9943237304688,461.3788757324219,0.9846426248550415,586.421875,569.5633544921875,0.9409546852111816
411,861.6436767578125,247.69943237304688,0.9886910915374756,739.5717163085938,324.5548095703125,0.9930105209350586,803.7159423828125,500.5460510253906,0.9769484996795654,623.0167846679688,457.4820556640625,0.9771625995635986,600.8271484375,570.5601196289062,0.940916895866394
412,862.0829467773438,246.611328125,0.9900389909744263,741.33447265625,323.35040283203125,0.9951245784759521,807.3506469726562,499.8523254394531,0.9680659174919128,626.3408203125,454.63018798828125,0.984447181224823,613.22119140625,571.4053955078125,0.9679285883903503
413,865.3897705078125,245.9911346435547,0.9955838918685913,742.8401489257812,322.707275390625,0.9942527413368225,809.8709716796875,499.0000305175781,0.9742636680603027,632.052490234375,451.4480285644531,0.9816460609436035,627.7485961914062,572.7609252929688,0.9682579040527344
414,867.4132080078125,245.21884155273438,0.9967888593673706,743.8351440429688,322.0107116699219,0.9914424419403076,814.78662109375,499.3907775878906,0.9783147573471069,635.254638671875,449.5712890625,0.993024468421936,644.470703125,570.8633422851562,0.9566186666488647
415,868.8646240234375,244.4883270263672,0.9954244494438171,746.10009765625,321.6141357421875,0.993057131767273,818.7000122070312,498.67120361328125,0.9860860109329224,640.7850952148438,445.35748291015625,0.9892507791519165,660.8737182617188,568.8510131835938,0.9311645030975342
416,871.5880126953125,242.5993194580078,0.992775559425354,749.2399291992188,320.9513244628906,0.9938724040985107,823.7666625976562,498.4922180175781,0.9807036519050598,647.0935668945312,445.19268798828125,0.9878107309341431,673.9189453125,563.26611328125,0.938339114189148
417,875.166748046875,242.5809783935547,0.9942768812179565,751.9829711914062,320.5677795410156,0.9902825951576233,829.4627685546875,498.2877502441406,0.9869602918624878,653.1195678710938,446.3121337890625,0.9917211532592773,687.0868530273438,561.5697021484375,0.909029483795166
418,877.0408325195312,242.60614013671875,0.9940720796585083,754.3240356445312,319.6933288574219,0.9866616725921631,835.7308349609375,497.3887023925781,0.9882528185844421,659.7283325195312,444.9308166503906,0.9948022961616516,699.5670166015625,561.496337890625,0.9277129173278809
419,878.9239501953125,242.50465393066406,0.9919260144233704,757.3343505859375,319.95281982421875,0.9914694428443909,841.2656860351562,496.138427734375,0.9822855591773987,667.2529296875,448.8987731933594,0.9919394850730896,710.4400634765625,558.243896484375,0.9193668365478516
420,880.873779296875,243.07546997070312,0.9953741431236267,759.0042724609375,320.5769348144531,0.9911257028579712,847.4649047851562,496.5999450683594,0.9728661775588989,675.2901000976562,449.930908203125,0.9908897876739502,725.6236572265625,560.5025024414062,0.9170243144035339
421,883.0994262695312,243.5452423095703,0.9958244562149048,762.166259765625,320.7755432128906,0.9937430024147034,854.691162109375,496.65411376953125,0.9798315763473511,683.736572265625,455.59674072265625,0.9922475218772888,738.6256713867188,558.2154541015625,0.9231786727905273
422,885.5910034179688,243.41001892089844,0.9925768375396729,766.05029296875,321.92388916015625,0.9933137893676758,860.8192749023438,496.50555419921875,0.9796977639198303,689.9443359375,457.12774658203125,0.9961378574371338,753.905517578125,558.6705322265625,0.938060998916626
423,888.9526977539062,243.53292846679688,0.994210422039032,769.203369140625,323.9537353515625,0.9894483089447021,867.3186645507812,498.0943298339844,0.9856351613998413,699.405517578125,464.65380859375,0.9945616722106934,767.565185546875,560.9586791992188,0.9515421390533447
424,891.1461791992188,244.36354064941406,0.9934024214744568,771.9346313476562,324.79327392578125,0.9926004409790039,873.5447998046875,498.54058837890625,0.9823188781738281,709.0617065429688,469.97088623046875,0.9896774291992188,782.4661865234375,562.06103515625,0.952844500541687
425,893.3745727539062,245.58900451660156,0.9924992322921753,775.1416015625,327.03936767578125,0.9912117719650269,880.1494750976562,500.2235107421875,0.9830870628356934,717.8258056640625,478.4906921386719,0.990958034992218,794.3034057617188,563.3743896484375,0.9618945717811584
426,895.615966796875,245.9860382080078,0.9935406446456909,777.316162109375,329.101318359375,0.9883599877357483,887.6834106445312,501.53240966796875,0.984809160232544,727.7522583007812,485.5832824707031,0.989655613899231,805.1685791015625,565.7244873046875,0.9383640289306641
427,897.2384643554688,248.43919372558594,0.9935590624809265,780.2113647460938,330.9818115234375,0.9915008544921875,894.6678466796875,502.6869201660156,0.9844719767570496,735.8905029296875,490.2314453125,0.9953920841217041,817.2503051757812,571.6072387695312,0.9432471990585327
428,900.46875,248.51031494140625,0.9918081760406494,783.2203979492188,333.67413330078125,0.9885649681091309,899.3030395507812,505.2531433105469,0.9893298745155334,745.1498413085938,499.0378112792969,0.9922630786895752,825.8048095703125,575.5299682617188,0.9597498178482056
429,902.6665649414062,250.0260467529297,0.9926262497901917,785.975830078125,335.4781799316406,0.9927105903625488,905.49609375,507.1705627441406,0.9902812242507935,754.8287353515625,504.07025146484375,0.9954180717468262,836.9058227539062,579.7721557617188,0.9312484860420227
430,904.3585205078125,252.19383239746094,0.9904605150222778,789.1809692382812,337.32659912109375,0.9927988052368164,911.90283203125,508.557373046875,0.9820077419281006,764.33935546875,511.69586181640625,0.98989337682724,850.1575317382812,585.5764770507812,0.9322706460952759
431,907.4038696289062,254.81097412109375,0.9913113117218018,791.556884765625,340.6698913574219,0.9907545447349548,917.86083984375,510.70428466796875,0.9774972200393677,773.0448608398438,516.5459594726562,0.9883793592453003,859.1917114257812,585.56787109375,0.9540789723396301
432,907.9257202148438,257.4795227050781,0.9960545301437378,792.6658325195312,344.0015563964844,0.9838193655014038,922.388916015625,514.274658203125,0.9829097986221313,780.0447998046875,521.9328002929688,0.9919856786727905,863.554931640625,588.1791381835938,0.9279104471206665
433,909.5918579101562,260.7477722167969,0.9952970743179321,794.8981323242188,347.6815185546875,0.993546724319458,926.6478271484375,519.0767211914062,0.9818815588951111,784.8475952148438,522.7536010742188,0.9915195107460022,866.2804565429688,590.4155883789062,0.9206318259239197
434,910.3922119140625,264.56146240234375,0.9898155927658081,797.3616943359375,351.0862121582031,0.992326557636261,926.0977783203125,523.2846069335938,0.9856019020080566,787.552734375,522.3855590820312,0.9934061765670776,866.9232177734375,591.366943359375,0.9353419542312622
435,912.3716430664062,266.3362731933594,0.9918538331985474,799.3841552734375,356.15850830078125,0.9904359579086304,928.37060546875,524.5399169921875,0.9844226241111755,787.18115234375,519.3699951171875,0.9915313720703125,863.3998413085938,590.46630859375,0.9255244731903076
436,914.235107421875,271.0124816894531,0.9925600290298462,799.396484375,360.4859924316406,0.9841446280479431,928.0599365234375,529.0584106445312,0.978708028793335,784.626220703125,517.9260864257812,0.9903622269630432,858.40234375,590.9814453125,0.9368499517440796
437,913.9735717773438,274.09344482421875,0.9966516494750977,801.1077270507812,364.4285888671875,0.9924919605255127,928.3900146484375,532.0257568359375,0.9837733507156372,780.745361328125,516.5806884765625,0.9952973127365112,852.3600463867188,592.4077758789062,0.9531959295272827
438,914.7347412109375,277.8970031738281,0.9975173473358154,802.8104248046875,368.44317626953125,0.9908784031867981,924.3772583007812,537.4996948242188,0.9829791188240051,776.4067993164062,516.0107421875,0.9876652956008911,845.7789916992188,593.9884033203125,0.9294684529304504
439,915.6734008789062,280.1213684082031,0.9950479865074158,803.9544677734375,369.90338134765625,0.9923561811447144,921.089599609375,539.4363403320312,0.988052487373352,769.8280639648438,515.1485595703125,0.9887138605117798,838.9848022460938,592.6063842773438,0.9300404787063599
440,917.1123657226562,280.4020080566406,0.9930746555328369,803.7564086914062,371.9065856933594,0.9927122592926025,918.3863525390625,541.8363037109375,0.9851091504096985,763.952392578125,516.1876831054688,0.9947328567504883,834.1403198242188,593.10546875,0.9345033168792725
441,918.2591552734375,282.104248046875,0.9937621355056763,803.3543701171875,373.2666320800781,0.9918506741523743,915.273193359375,543.3010864257812,0.9750688076019287,760.3277587890625,514.8040771484375,0.9873514175415039,829.2672119140625,595.9339599609375,0.9278689622879028
442,918.912841796875,283.4922790527344,0.9931938648223877,802.83642578125,373.5628967285156,0.9909656643867493,911.5262451171875,545.8179321289062,0.9776536822319031,755.0067749023438,514.0457763671875,0.9901560544967651,822.9879150390625,594.39794921875,0.9390088319778442
443,918.8631591796875,284.1279296875,0.9927287697792053,801.9493408203125,373.625244140625,0.9884765148162842,906.9736328125,546.1878662109375,0.9816485047340393,751.3299560546875,513.84619140625,0.9925299882888794,820.3604736328125,594.256591796875,0.9398690462112427
444,918.419189453125,283.94561767578125,0.9934629201889038,800.8447875976562,372.738525390625,0.9887728691101074,903.55078125,547.182861328125,0.9799537062644958,748.2334594726562,513.2430419921875,0.994023859500885,814.5585327148438,596.9234008789062,0.9131479263305664
445,918.1671752929688,283.1737060546875,0.99399733543396,799.6659545898438,371.15338134765625,0.9917677640914917,900.9307250976562,545.6527709960938,0.9811347723007202,744.6400756835938,511.39862060546875,0.9877625703811646,811.3246459960938,596.27294921875,0.9449777603149414
446,917.5436401367188,282.0746154785156,0.9948607683181763,798.3555908203125,368.8254089355469,0.9934941530227661,897.8414306640625,543.363037109375,0.9774057865142822,740.8611450195312,507.8216247558594,0.9950603246688843,806.3302001953125,595.0142211914062,0.9341915845870972
447,916.9122924804688,280.9342346191406,0.994301974773407,797.0853271484375,366.3969421386719,0.9925854206085205,893.5831909179688,541.9877319335938,0.9748594164848328,737.1035766601562,506.2190856933594,0.9935888051986694,800.6935424804688,594.7481689453125,0.9259254932403564
448,915.5861206054688,281.21533203125,0.9931386709213257,795.978515625,365.1536560058594,0.9927458763122559,890.4197387695312,540.3633422851562,0.986383318901062,735.2122192382812,506.10186767578125,0.9936755895614624,796.6769409179688,596.546630859375,0.941991925239563
449,914.8489379882812,279.97711181640625,0.9952129125595093,794.9400024414062,363.2826843261719,0.9934600591659546,888.1561889648438,539.9083251953125,0.987486720085144,732.3742065429688,505.53857421875,0.9925050735473633,789.9100952148438,594.7179565429688,0.9476397037506104
450,914.4641723632812,278.7314147949219,0.9970202445983887,794.4331665039062,362.174560546875,0.9924330711364746,886.06103515625,538.3192138671875,0.9883177280426025,729.6710815429688,501.9466247558594,0.9800784587860107,785.2283325195312,594.6311645507812,0.9355661869049072
451,914.4527587890625,277.4824523925781,0.9971874952316284,793.5594482421875,360.8341064453125,0.9887030124664307,882.5347290039062,536.643310546875,0.9867333173751831,725.3307495117188,499.6304626464844,0.9910652041435242,780.9219970703125,595.6914672851562,0.9434981346130371
452,914.462646484375,275.6780090332031,0.9967957735061646,792.4804077148438,359.24407958984375,0.9864173531532288,880.44482421875,535.4434814453125,0.9822156429290771,722.64453125,497.7352600097656,0.9899330139160156,774.7587280273438,594.9423828125,0.9396271705627441
453,914.3642578125,274.3210144042969,0.995877742767334,792.38671875,357.2398681640625,0.9902403950691223,878.402587890625,534.7982788085938,0.981277585029602,720.052490234375,497.6826171875,0.9929422736167908,771.093017578125,593.9864501953125,0.9512723684310913
454,914.5171508789062,273.0838928222656,0.9947749972343445,791.9143676757812,355.726806640625,0.9901875257492065,876.5973510742188,532.1237182617188,0.9862622022628784,717.76318359375,497.06524658203125,0.9953693151473999,766.586181640625,595.2955932617188,0.9361572265625
455,915.1397094726562,271.7701721191406,0.9922696352005005,791.6831665039062,353.8871154785156,0.9915065765380859,874.8330078125,529.6516723632812,0.9835917353630066,715.8602905273438,494.9768371582031,0.9921047687530518,763.90283203125,595.0277099609375,0.9390339851379395
456,916.22705078125,271.37994384765625,0.9916630387306213,791.5005493164062,352.5075988769531,0.9905064105987549,873.4423217773438,528.0435180664062,0.9746848344802856,712.5845947265625,492.0085144042969,0.9908543825149536,761.5674438476562,594.682373046875,0.9537310600280762
457,916.7949829101562,270.4841003417969,0.9925093650817871,791.367919921875,351.2218017578125,0.9900592565536499,871.1524658203125,526.8278198242188,0.9807415008544922,711.1002807617188,490.9277648925781,0.9882883429527283,754.0155639648438,593.0342407226562,0.9458875060081482
458,916.9173583984375,269.3679504394531,0.9936519861221313,791.8045043945312,349.8265686035156,0.9911775588989258,868.45654296875,526.02392578125,0.9873604774475098,709.2019653320312,489.58905029296875,0.9938369989395142,749.0368041992188,593.3775634765625,0.9489820003509521
459,917.5232543945312,268.6590270996094,0.9938209056854248,791.790771484375,348.61590576171875,0.9926948547363281,865.972900390625,524.8195190429688,0.9881714582443237,706.1265869140625,488.2835693359375,0.9929095506668091,746.4931640625,593.3603515625,0.9420309066772461
460,918.2587280273438,268.1558837890625,0.9933563470840454,792.1693725585938,347.55657958984375,0.9924368858337402,863.8040771484375,523.8958740234375,0.9837813377380371,704.2481079101562,488.0522766113281,0.9803363084793091,739.7188720703125,591.8478393554688,0.9508315324783325
461,918.51513671875,267.7708435058594,0.9926835298538208,792.635009765625,347.025146484375,0.9916551113128662,861.0911865234375,523.79248046875,0.9871159791946411,701.8220825195312,487.6429443359375,0.985945463180542,734.609130859375,592.2852783203125,0.9296629428863525
462,919.3699951171875,267.4318542480469,0.9911522269248962,793.2117309570312,346.19189453125,0.9894553422927856,858.8695068359375,523.2374267578125,0.9893017411231995,699.143798828125,485.7213439941406,0.9922497272491455,731.7817993164062,591.9274291992188,0.9514040350914001
463,919.8372802734375,266.58489990234375,0.9882453680038452,793.3732299804688,345.5220642089844,0.9883594512939453,857.88916015625,522.1034545898438,0.9851584434509277,697.337890625,484.0703430175781,0.9878472089767456,726.7796630859375,590.9614868164062,0.9669342041015625
464,920.8009033203125,266.3842468261719,0.9913583397865295,793.5464477539062,344.92193603515625,0.9889581799507141,857.0985717773438,520.953369140625,0.9787266254425049,696.6334228515625,482.7051696777344,0.9812096357345581,722.7345581054688,592.388671875,0.9593483209609985
465,921.5654296875,266.7009582519531,0.9920841455459595,794.4420776367188,344.88604736328125,0.9887324571609497,858.0857543945312,519.0975952148438,0.9791278839111328,694.5072631835938,481.75653076171875,0.9887598752975464,718.4833984375,590.6461791992188,0.9542092084884644
466,922.324951171875,267.37713623046875,0.9931349754333496,796.0039672851562,343.9684143066406,0.9881094694137573,855.8904418945312,518.0352783203125,0.9809263348579407,692.4996337890625,481.0346374511719,0.9914910197257996,714.4526977539062,589.2599487304688,0.9747147560119629
467,923.8408203125,267.8905944824219,0.9927582144737244,797.3560180664062,344.20281982421875,0.9865260124206543,854.6563110351562,515.8617553710938,0.983272910118103,689.573486328125,477.91156005859375,0.9884617328643799,710.2872314453125,588.0858764648438,0.9760274291038513
468,925.1205444335938,268.468017578125,0.9911504983901978,798.5731811523438,344.4786682128906,0.9826786518096924,853.3685302734375,514.3588256835938,0.9827665090560913,687.6118774414062,477.2195129394531,0.9889429211616516,705.1599731445312,589.30517578125,0.9709944725036621
469,927.3688354492188,268.9869079589844,0.9910165667533875,800.3267211914062,344.5264587402344,0.9782751202583313,853.5228881835938,512.8732299804688,0.9760211706161499,685.8352661132812,476.2381286621094,0.9920629262924194,700.9165649414062,588.473388671875,0.9707566499710083
470,929.6419067382812,270.2657775878906,0.9940026998519897,800.8585205078125,344.5374755859375,0.9859031438827515,854.8909912109375,510.9801025390625,0.9792115688323975,684.4519653320312,475.67999267578125,0.9910961985588074,696.7330322265625,587.8054809570312,0.9699060916900635
471,930.5841674804688,271.6363220214844,0.9931687116622925,803.4838256835938,344.7972106933594,0.9912503957748413,855.4733276367188,510.0816955566406,0.9809892773628235,683.477783203125,474.95819091796875,0.9897509813308716,691.82373046875,586.3032836914062,0.9589319825172424
472,932.3768920898438,272.30987548828125,0.9924625158309937,806.3480834960938,345.2552490234375,0.9939761161804199,856.484130859375,508.6287536621094,0.9806268811225891,682.319580078125,474.42431640625,0.9898697733879089,688.7784423828125,586.3661499023438,0.93427973985672
473,933.6222534179688,274.293701171875,0.9918985366821289,808.3871459960938,346.05828857421875,0.9929367303848267,856.6150512695312,508.4551696777344,0.982071042060852,681.6880493164062,473.7781982421875,0.9909267425537109,683.4172973632812,583.8226318359375,0.9412193894386292
474,935.6908569335938,275.374755859375,0.9937469959259033,809.9234619140625,347.1528625488281,0.9891347289085388,856.2730102539062,509.4430847167969,0.981582522392273,681.0971069335938,473.4207763671875,0.9895214438438416,679.6680297851562,584.8113403320312,0.9357895851135254
475,937.4505004882812,278.970458984375,0.9908947944641113,811.466552734375,348.9375,0.991545557975769,856.0903930664062,509.3086853027344,0.9817382097244263,680.5596923828125,473.49981689453125,0.9880496263504028,677.6141967773438,584.5914306640625,0.9524592757225037
476,939.4720458984375,280.7257995605469,0.9906841516494751,814.4739990234375,350.4931640625,0.9857702255249023,856.581787109375,508.1398620605469,0.9833071827888489,679.94921875,473.6733703613281,0.9853819012641907,673.19091796875,582.52294921875,0.9378106594085693
477,942.0360107421875,282.5162048339844,0.9896795749664307,816.7616577148438,351.2576904296875,0.9864085912704468,856.9981079101562,508.0622253417969,0.9837021827697754,679.9476928710938,473.2691955566406,0.9846880435943604,668.1151123046875,582.8865356445312,0.9408268928527832
478,944.4483642578125,283.55816650390625,0.9921479225158691,820.0354614257812,351.8691101074219,0.9866695404052734,857.3807373046875,507.9660339355469,0.9825435876846313,680.2820434570312,473.119873046875,0.9838741421699524,665.839111328125,582.9840698242188,0.9392164945602417
479,947.5902709960938,285.739990234375,0.9930945038795471,822.4356689453125,353.19049072265625,0.989973783493042,857.5764770507812,508.06573486328125,0.9830025434494019,680.78857421875,473.3047180175781,0.9848309755325317,661.7543334960938,580.6375122070312,0.9700096249580383
480,950.0383911132812,287.23284912109375,0.985146701335907,823.77490234375,353.5487365722656,0.9891169667243958,858.072265625,508.3696594238281,0.9824917912483215,681.880126953125,474.22308349609375,0.9821470975875854,659.2015991210938,579.5679931640625,0.9732286930084229
481,951.541748046875,288.3007507324219,0.9897700548171997,825.458251953125,354.4331970214844,0.9930020570755005,858.363037109375,508.7687683105469,0.9847695827484131,682.8870849609375,474.7084045410156,0.9826586246490479,656.6397705078125,579.1522216796875,0.9569014310836792
482,952.980224609375,290.5964050292969,0.9926965832710266,827.7256469726562,356.35101318359375,0.9918986558914185,858.6426391601562,509.1124572753906,0.9841790795326233,684.306884765625,475.32476806640625,0.9830941557884216,653.1221313476562,578.6748046875,0.9670104384422302
483,956.0291748046875,293.0981750488281,0.9894403219223022,830.8875122070312,357.4183654785156,0.9840912818908691,858.6456909179688,509.7740783691406,0.9785271883010864,685.6372680664062,475.9281005859375,0.9843423366546631,650.1600952148438,580.1891479492188,0.9676790833473206
484,957.8812866210938,295.1985168457031,0.9841400980949402,833.4749755859375,356.6348876953125,0.9858657121658325,858.8653564453125,510.2160949707031,0.9760415554046631,687.1358032226562,476.4134521484375,0.9832994937896729,644.2335815429688,578.3027954101562,0.9813587069511414
485,960.78515625,296.1709899902344,0.9872008562088013,835.198974609375,356.7707824707031,0.9898273944854736,859.3462524414062,510.40057373046875,0.9792909622192383,688.6729736328125,476.6618347167969,0.9829400181770325,639.696533203125,577.1195678710938,0.9560519456863403
486,962.4890747070312,297.0724182128906,0.9875665903091431,837.121337890625,358.09539794921875,0.9906076192855835,860.2135009765625,510.87286376953125,0.9770729541778564,687.6341552734375,478.8857727050781,0.978320300579071,635.1615600585938,578.2305908203125,0.9650576114654541
487,964.4478149414062,296.6387023925781,0.9875656366348267,838.29345703125,359.340087890625,0.9885362386703491,861.2507934570312,512.1580810546875,0.9788581132888794,687.4479370117188,479.9643859863281,0.9807605147361755,630.845947265625,576.6405639648438,0.9710809588432312
488,966.514892578125,296.4436340332031,0.9870650768280029,838.7057495117188,359.8088684082031,0.9881640672683716,862.035888671875,512.8148193359375,0.9818378686904907,687.5968017578125,481.443115234375,0.9807550311088562,627.3590087890625,577.38134765625,0.9653606414794922
489,966.8259887695312,296.1448059082031,0.9843044281005859,839.263427734375,360.2388610839844,0.9874715805053711,862.9141235351562,513.1845092773438,0.9783706068992615,687.5868530273438,482.89862060546875,0.9828684329986572,624.5390014648438,575.0617065429688,0.9669100046157837
490,967.4605102539062,296.35089111328125,0.9857422113418579,840.0980224609375,360.18548583984375,0.985623836517334,864.5486450195312,513.4107666015625,0.972123384475708,688.040771484375,483.8705139160156,0.977802574634552,620.6779174804688,576.6301879882812,0.9672573804855347
491,967.974853515625,295.9919738769531,0.9865298271179199,840.721923828125,359.83819580078125,0.9829519987106323,864.9005126953125,513.3167114257812,0.9698740243911743,688.046875,484.6590270996094,0.9758836030960083,617.519775390625,575.2857666015625,0.9546798467636108
492,968.713623046875,295.1163024902344,0.9883298873901367,841.4539794921875,359.33209228515625,0.9867046475410461,866.7891845703125,513.5023193359375,0.9768866896629333,688.8638305664062,484.908447265625,0.9626355171203613,615.7240600585938,574.0299072265625,0.9656877517700195
493,969.287841796875,293.3499755859375,0.9930446743965149,841.7589721679688,358.9958190917969,0.989544153213501,867.9425048828125,513.4481811523438,0.9788418412208557,691.1947021484375,483.67388916015625,0.9709824919700623,617.0840454101562,572.5275268554688,0.9609946608543396
494,970.6082763671875,291.3310546875,0.9963006377220154,842.120849609375,358.2368469238281,0.9911242127418518,869.4852294921875,513.1921997070312,0.9785405397415161,693.4518432617188,481.4400939941406,0.9807658791542053,617.7587890625,571.7634887695312,0.9605885744094849
495,971.3568115234375,289.2341613769531,0.9955982565879822,842.7203369140625,357.0990905761719,0.9929648637771606,871.3598022460938,512.9708862304688,0.9771645069122314,695.1787109375,479.11859130859375,0.9809446334838867,618.002685546875,569.6297607421875,0.9650441408157349
496,972.0217895507812,287.7319030761719,0.9931601285934448,843.4385375976562,355.33758544921875,0.9941034913063049,873.6824951171875,511.836181640625,0.9774309396743774,695.9712524414062,477.5002746582031,0.968271017074585,618.1734008789062,571.4638061523438,0.9661832451820374
497,973.3344116210938,286.21038818359375,0.9874415397644043,844.7451171875,354.3320007324219,0.9942886829376221,875.5902709960938,511.7926940917969,0.9813831448554993,698.9332885742188,476.633056640625,0.9757807850837708,618.7438354492188,568.8890991210938,0.9615238904953003
498,974.4552612304688,284.8048095703125,0.9876576066017151,846.0882568359375,353.003662109375,0.9936641454696655,878.1754150390625,512.3475952148438,0.9780457019805908,702.5411376953125,475.0597229003906,0.9768574237823486,619.9700317382812,568.9107055664062,0.9544117450714111
499,974.8685302734375,282.7367858886719,0.9894287586212158,847.1167602539062,351.59259033203125,0.9908667206764221,881.2969360351562,512.528076171875,0.9707685708999634,705.4437255859375,474.0460205078125,0.9776554107666016,623.05029296875,567.7188110351562,0.9472949504852295
500,975.53955078125,281.2828063964844,0.9899612069129944,848.0685424804688,351.1270446777344,0.9856976866722107,884.322998046875,513.39404296875,0.9792051315307617,706.4719848632812,474.5298156738281,0.9837368130683899,622.3345947265625,567.9041748046875,0.95091313123703
501,976.3362426757812,281.25933837890625,0.9904171228408813,849.091064453125,350.05401611328125,0.9896619915962219,887.3872680664062,514.3296508789062,0.9767990708351135,706.7789306640625,475.97406005859375,0.9859045147895813,622.7886352539062,568.5509643554688,0.9178366661071777
502,976.9945678710938,279.177490234375,0.996331512928009,850.5517578125,349.07806396484375,0.9928480982780457,891.4248046875,514.5184936523438,0.9753881692886353,707.214599609375,477.3219909667969,0.9815424680709839,624.900634765625,570.2667236328125,0.9045461416244507
503,978.0984497070312,277.058349609375,0.9972720146179199,852.0320434570312,348.1568603515625,0.9942052960395813,896.4182739257812,516.1349487304688,0.9704505205154419,709.3526000976562,479.0209655761719,0.9811015129089355,630.1549072265625,570.8474731445312,0.9217448234558105
504,979.1978759765625,274.6546936035156,0.9961305856704712,853.742431640625,346.9377746582031,0.9949718117713928,900.7650756835938,516.156494140625,0.9679839611053467,712.4226684570312,481.2991027832031,0.9789239764213562,639.4967651367188,572.734130859375,0.952912449836731
505,980.4717407226562,271.9788818359375,0.9901279211044312,855.2293701171875,346.4481506347656,0.9946991205215454,904.656005859375,518.6998901367188,0.9588795900344849,714.5062866210938,483.8202819824219,0.9888991117477417,646.5028686523438,574.189453125,0.9577435255050659
506,982.7789306640625,270.8480224609375,0.9887467622756958,856.5235595703125,345.7188415527344,0.9937867522239685,909.6851196289062,520.177001953125,0.9721460342407227,718.9578247070312,483.6539611816406,0.9857319593429565,659.3182373046875,576.5112915039062,0.963791012763977
507,983.6842651367188,268.9433898925781,0.9869088530540466,857.5443725585938,345.2950134277344,0.992457926273346,915.4318237304688,519.4564208984375,0.9798150062561035,725.2560424804688,481.50604248046875,0.9890921115875244,674.3583984375,579.2916870117188,0.9619088172912598
508,983.66259765625,266.9881286621094,0.9893684387207031,858.8046875,345.4648132324219,0.9934060573577881,918.2843627929688,522.172607421875,0.977107048034668,728.2314453125,478.8589782714844,0.9681943655014038,688.3468627929688,580.482177734375,0.9685419797897339
509,984.8338623046875,266.0186767578125,0.9934924840927124,860.2109375,345.1484680175781,0.9917136430740356,921.69921875,522.8014526367188,0.9611977338790894,733.496337890625,474.97747802734375,0.9901638031005859,701.588134765625,580.368896484375,0.9824978709220886
510,985.4312744140625,265.2388000488281,0.9945645332336426,862.2379150390625,344.58294677734375,0.9851058721542358,929.1044921875,521.7410278320312,0.9623544216156006,738.5872192382812,471.47772216796875,0.9891232252120972,716.5574951171875,578.85986328125,0.9819368720054626
511,986.9011840820312,264.60406494140625,0.9932933449745178,863.38720703125,343.72637939453125,0.9779422283172607,932.198974609375,522.4230346679688,0.9848443269729614,743.9517822265625,469.5284729003906,0.9776142835617065,734.301513671875,576.6865844726562,0.9790315628051758
512,988.5008544921875,264.2317810058594,0.9916548728942871,866.1453247070312,343.19708251953125,0.9859055876731873,936.374267578125,522.711181640625,0.9890402555465698,748.9269409179688,465.2535095214844,0.9929975271224976,748.7186279296875,571.70703125,0.9608290195465088
513,990.8349609375,263.182861328125,0.9923774003982544,868.3394165039062,343.0313415527344,0.9907267093658447,937.8971557617188,523.4432373046875,0.9913870096206665,755.5948486328125,460.12274169921875,0.9941366910934448,763.04541015625,568.7058715820312,0.967496931552887
514,992.2134399414062,262.7298889160156,0.9955407381057739,870.3887939453125,342.4394226074219,0.9919814467430115,944.9485473632812,521.559814453125,0.986791729927063,761.4378662109375,459.4578857421875,0.9896084666252136,777.1083984375,567.363525390625,0.9456413984298706
515,993.9812622070312,262.2657165527344,0.9972484111785889,872.2111206054688,341.4170837402344,0.9897290468215942,950.041015625,521.4804077148438,0.987274169921875,767.2619018554688,456.9327087402344,0.9867908954620361,789.986572265625,568.5616455078125,0.9701024889945984
516,995.8037719726562,261.8124084472656,0.9967352151870728,873.2090454101562,341.08489990234375,0.9905590415000916,955.9363403320312,521.1207275390625,0.9802064895629883,773.6265869140625,454.65191650390625,0.9876906871795654,804.3312377929688,568.5076904296875,0.9583536386489868
517,997.8496704101562,260.6797790527344,0.9944741725921631,876.3968505859375,341.03741455078125,0.9928097724914551,960.635986328125,519.42626953125,0.9861128330230713,780.1534423828125,455.0409240722656,0.9871227741241455,817.7770385742188,561.9495849609375,0.9671410322189331
518,1000.5973510742188,259.1312561035156,0.9953948259353638,879.3177490234375,341.0300598144531,0.9908391237258911,966.390625,519.5709838867188,0.9822996258735657,786.7323608398438,453.1255798339844,0.9859507083892822,831.3644409179688,561.6289672851562,0.9535447359085083
519,1003.1005249023438,258.62548828125,0.9962391257286072,882.1015625,340.4320373535156,0.9892300963401794,972.3178100585938,519.4072265625,0.9848852157592773,793.2262573242188,453.8079528808594,0.982345461845398,845.491455078125,560.2646484375,0.9453663229942322
520,1005.1075439453125,258.4303894042969,0.9958069920539856,884.6454467773438,340.6350402832031,0.993855357170105,976.7079467773438,518.9306640625,0.9860588312149048,799.6083984375,453.9736633300781,0.9903067350387573,853.9619750976562,556.4518432617188,0.9606029391288757
521,1007.357666015625,259.0199279785156,0.9952882528305054,887.2028198242188,340.4412841796875,0.9922555685043335,981.0930786132812,519.7098388671875,0.9850040674209595,806.0344848632812,455.3293762207031,0.990966260433197,865.633544921875,556.7642822265625,0.9513164162635803
522,1009.2051391601562,259.2551574707031,0.9967688322067261,888.779541015625,340.8575439453125,0.99034583568573,987.0806274414062,519.4623413085938,0.9773799180984497,813.5375366210938,459.4012451171875,0.992509126663208,879.53564453125,558.1315307617188,0.9367059469223022
523,1011.5828247070312,258.5998840332031,0.9960654377937317,892.571533203125,341.2091064453125,0.9926822185516357,992.6941528320312,519.1862182617188,0.9826350212097168,819.2764282226562,462.01751708984375,0.9919991493225098,893.6998291015625,561.1160888671875,0.947580099105835
524,1014.1923828125,258.8123779296875,0.9934109449386597,896.0750122070312,342.4697570800781,0.9881693124771118,998.7504272460938,520.1770629882812,0.9794700145721436,827.3095703125,470.7833557128906,0.9899841547012329,904.9049682617188,560.23828125,0.9403401613235474
525,1017.5254516601562,258.62249755859375,0.9953533411026001,899.36083984375,343.3437805175781,0.9904210567474365,1005.7562866210938,520.0805053710938,0.9782207012176514,833.18408203125,474.4696044921875,0.9950791001319885,915.0119018554688,562.8382568359375,0.9604232907295227
526,1020.1177368164062,259.29278564453125,0.9962722063064575,903.277587890625,344.1897277832031,0.9913210868835449,1011.6218872070312,520.5592041015625,0.9866296052932739,842.5677490234375,483.8877868652344,0.9943655729293823,925.7750854492188,565.860107421875,0.9527138471603394
527,1020.937744140625,260.7669982910156,0.9958206415176392,905.718017578125,346.3911437988281,0.9910749197006226,1016.5320434570312,522.3980712890625,0.9812085628509521,850.053955078125,488.56170654296875,0.9960638880729675,937.2203979492188,570.8558959960938,0.9388284683227539
528,1023.3863525390625,262.3017272949219,0.9946752786636353,908.179443359375,348.176513671875,0.994002103805542,1025.7178955078125,522.0912475585938,0.9878498315811157,860.8223266601562,497.3359375,0.9948539733886719,954.0565795898438,577.5709838867188,0.9597985744476318
529,1026.621337890625,263.4720764160156,0.9947643280029297,911.7193603515625,350.82318115234375,0.9906246662139893,1032.1907958984375,523.3116455078125,0.9860280752182007,869.9370727539062,503.00982666015625,0.9879568815231323,961.7631225585938,580.0037841796875,0.9349737763404846
530,1028.3961181640625,265.1007385253906,0.9917316436767578,915.4328002929688,353.3890075683594,0.9927535057067871,1038.6405029296875,524.7953491210938,0.9843071699142456,878.8104248046875,511.15325927734375,0.9900949001312256,974.9170532226562,583.282958984375,0.9158405065536499
531,1031.78662109375,266.1243591308594,0.9894967079162598,918.6876831054688,356.88287353515625,0.9927724599838257,1047.41162109375,526.2988891601562,0.982977032661438,887.5330810546875,517.7518920898438,0.9835840463638306,981.0989990234375,585.89501953125,0.897968053817749
532,1034.771728515625,267.61767578125,0.9924952983856201,920.8365478515625,360.18603515625,0.9863427877426147,1052.2762451171875,529.050537109375,0.9782100915908813,896.5017700195312,523.7603759765625,0.9910885095596313,988.9426879882812,585.0349731445312,0.925688624382019
533,1036.052734375,270.6002197265625,0.9921748638153076,923.4654541015625,363.22052001953125,0.9940106272697449,1058.098876953125,532.5374145507812,0.987919807434082,902.2073974609375,525.85693359375,0.9900362491607666,996.3937377929688,589.1156005859375,0.9321796894073486
534,1038.3162841796875,274.2830505371094,0.995621919631958,926.4904174804688,366.9790954589844,0.9924185276031494,1061.21142578125,535.86865234375,0.9877647161483765,908.6192626953125,528.1422729492188,0.9917064905166626,995.4589233398438,589.3973388671875,0.922377347946167
535,1039.162109375,278.3798522949219,0.9951390624046326,929.8877563476562,370.5670166015625,0.99034583568573,1062.8330078125,538.5889282226562,0.9886066913604736,912.0892944335938,524.9426879882812,0.9905825257301331,994.5410766601562,589.2781372070312,0.915831446647644
536,1040.8951416015625,281.8741149902344,0.9916384220123291,931.7543334960938,374.86199951171875,0.9915624260902405,1063.7855224609375,540.9603271484375,0.9863448143005371,912.3837280273438,520.869873046875,0.988976776599884,992.7101440429688,589.3090209960938,0.8991533517837524
537,1044.6214599609375,283.7903137207031,0.9930239915847778,934.2305908203125,378.4447021484375,0.9943913221359253,1063.389892578125,543.6442260742188,0.9784449934959412,908.0338134765625,517.5670776367188,0.9926857948303223,988.0083618164062,590.0052490234375,0.902618408203125
538,1045.480224609375,287.7066345214844,0.990827202796936,935.630615234375,381.4159240722656,0.9929053783416748,1060.3304443359375,550.1290893554688,0.9891510605812073,905.3441772460938,515.706298828125,0.9828211069107056,981.8212280273438,591.6058349609375,0.9500336647033691
539,1045.6016845703125,290.58697509765625,0.9943872690200806,936.2984008789062,384.2444763183594,0.9888406991958618,1055.98974609375,553.5762329101562,0.9782077074050903,898.9287109375,515.7033081054688,0.9914441108703613,978.756591796875,592.3096923828125,0.9241336584091187
540,1046.2080078125,294.25244140625,0.9917058944702148,936.6898803710938,386.335205078125,0.9904937148094177,1052.2613525390625,556.4362182617188,0.9870994091033936,894.3252563476562,517.07177734375,0.9926791787147522,972.1962280273438,592.7142944335938,0.9196608066558838
541,1048.544677734375,296.279052734375,0.9811780452728271,936.6605834960938,388.1831359863281,0.9891359806060791,1050.572509765625,556.8670654296875,0.9812560677528381,887.841552734375,516.9929809570312,0.9796454906463623,965.1375122070312,592.5748291015625,0.9092144966125488
542,1049.742919921875,297.1123046875,0.9929445385932922,936.3856201171875,389.9335632324219,0.9864375591278076,1047.5433349609375,559.0654296875,0.9746125340461731,883.784423828125,516.0790405273438,0.99086594581604,962.2926025390625,593.7203369140625,0.8930525183677673
543,1050.0936279296875,298.1871032714844,0.9941908717155457,936.7286376953125,390.0909423828125,0.9870875477790833,1043.9815673828125,559.9871215820312,0.9745485782623291,879.9962158203125,515.8787841796875,0.9949265122413635,955.4558715820312,594.385498046875,0.8881319761276245
544,1050.5211181640625,298.9503173828125,0.9935880899429321,935.92041015625,389.9419860839844,0.9899952411651611,1039.6064453125,562.3176879882812,0.9763492345809937,875.6387939453125,514.3236083984375,0.9941001534461975,949.1517333984375,593.5071411132812,0.8550480008125305
545,1050.609619140625,299.2822570800781,0.9936975240707397,934.7494506835938,389.0003662109375,0.9922803044319153,1035.69677734375,561.3311157226562,0.9783395528793335,873.157958984375,513.0845947265625,0.985938549041748,937.5946044921875,594.3602905273438,0.8609617948532104
546,1050.3416748046875,299.2691650390625,0.9933301210403442,933.7083129882812,387.75311279296875,0.9930859804153442,1032.0234375,561.9570922851562,0.9638707637786865,867.2289428710938,510.7877502441406,0.9910751581192017,940.4022216796875,595.0255737304688,0.897375226020813
547,1050.2401123046875,298.66900634765625,0.9940463304519653,932.5253295898438,386.36285400390625,0.9932420253753662,1027.48388671875,560.9987182617188,0.9742449522018433,863.5146484375,510.61383056640625,0.9921411275863647,937.8469848632812,593.6898803710938,0.9277654886245728
548,1050.08544921875,297.890380859375,0.9933013916015625,931.5361328125,384.7261657714844,0.9920505285263062,1024.6656494140625,558.2117309570312,0.9693000316619873,860.638671875,510.13409423828125,0.9925538301467896,930.794677734375,594.0127563476562,0.9196382761001587
549,1049.3699951171875,296.9034118652344,0.9920710325241089,929.373291015625,383.0649719238281,0.9920961856842041,1019.9411010742188,557.4309692382812,0.9754910469055176,856.9326171875,507.6165771484375,0.9894198179244995,925.1199340820312,595.2965087890625,0.9294838905334473
550,1049.0338134765625,296.0877380371094,0.9866021871566772,927.2722778320312,380.97509765625,0.9901647567749023,1015.6322631835938,556.66455078125,0.9836588501930237,852.7861938476562,504.9847106933594,0.9951769113540649,918.2894287109375,593.7869262695312,0.9377408027648926
551,1048.4462890625,294.50897216796875,0.9901610016822815,926.32666015625,378.84393310546875,0.9907071590423584,1012.091796875,555.9673461914062,0.985610842704773,849.0324096679688,504.2343444824219,0.9907402992248535,915.0457763671875,594.6919555664062,0.928857684135437
552,1047.8524169921875,292.79071044921875,0.9907515048980713,925.4385375976562,376.6142272949219,0.9857913851737976,1008.749267578125,554.5430908203125,0.9749895334243774,847.138427734375,504.3194580078125,0.9909546375274658,909.1343994140625,595.197998046875,0.9223546385765076
553,1047.9547119140625,290.9958801269531,0.9937172532081604,924.6577758789062,375.10101318359375,0.989287793636322,1005.3342895507812,553.2568969726562,0.9669263958930969,843.5691528320312,502.8790283203125,0.9896561503410339,901.910400390625,593.91064453125,0.9456069469451904
554,1047.7359619140625,289.4150085449219,0.9939019083976746,923.6363525390625,372.30938720703125,0.9930009245872498,1004.529296875,551.8008422851562,0.9727088809013367,841.61474609375,501.48291015625,0.9779044389724731,900.6649780273438,593.7546997070312,0.9219692349433899
555,1047.06689453125,287.9354553222656,0.9911020994186401,923.1768188476562,369.4541931152344,0.993744969367981,1003.5740356445312,549.2736206054688,0.9785098433494568,838.3773803710938,498.7757873535156,0.9893121719360352,892.9338989257812,595.3162231445312,0.929469108581543
556,1047.2791748046875,286.4540100097656,0.9865775108337402,922.385498046875,367.34228515625,0.9934881925582886,1001.9763793945312,545.6133422851562,0.9796559810638428,835.539794921875,496.925048828125,0.9896586537361145,891.8357543945312,594.1504516601562,0.9281365275382996
557,1047.644775390625,286.0324401855469,0.9881545305252075,921.6886596679688,365.4833984375,0.9922016859054565,1000.4614868164062,543.6768188476562,0.9659814834594727,832.94384765625,495.3971252441406,0.9914531707763672,883.9575805664062,592.847900390625,0.9478805065155029
558,1047.8485107421875,284.4116516113281,0.9884231090545654,921.430908203125,364.1197509765625,0.9923332333564758,996.6889038085938,541.8517456054688,0.9828160405158997,830.5296020507812,496.6247863769531,0.9946492910385132,878.8195190429688,594.6170654296875,0.9232003688812256
559,1047.8865966796875,283.4574279785156,0.9894150495529175,921.2772827148438,362.4757385253906,0.9917197227478027,994.2206420898438,540.3047485351562,0.9857319593429565,827.6624145507812,495.44384765625,0.993038535118103,875.9302368164062,594.1087646484375,0.9424452781677246
560,1048.0216064453125,281.83184814453125,0.9901226758956909,921.8377685546875,360.7454528808594,0.9891303777694702,989.959228515625,539.64697265625,0.9778255224227905,823.3828735351562,492.67547607421875,0.9896775484085083,869.3107299804688,592.2723999023438,0.9372659921646118
561,1048.02978515625,281.66485595703125,0.9892836809158325,921.4140014648438,359.45458984375,0.9872350096702576,987.4354858398438,538.7788696289062,0.9844000339508057,821.1075439453125,490.70635986328125,0.9950641393661499,863.3736572265625,593.1641845703125,0.9399333000183105
562,1048.193359375,280.65740966796875,0.9870560169219971,921.1061401367188,358.38983154296875,0.9884260892868042,984.7133178710938,537.6080322265625,0.9783309698104858,818.4845581054688,489.6037292480469,0.9947327375411987,859.90087890625,592.616943359375,0.9413625001907349
563,1048.1478271484375,280.1800842285156,0.987163782119751,920.894287109375,356.94891357421875,0.9892820119857788,985.4547729492188,535.5553588867188,0.9742498397827148,816.7058715820312,488.6632080078125,0.9904576539993286,855.22509765625,592.1453857421875,0.9401306509971619
564,1048.5050048828125,279.9093017578125,0.9879934191703796,920.1641845703125,355.8330383300781,0.9883835315704346,983.4085693359375,534.1260375976562,0.9819474816322327,815.480712890625,489.43695068359375,0.9846352934837341,851.5363159179688,591.796630859375,0.9515666961669922
565,1048.9051513671875,278.9818420410156,0.9899592399597168,920.3912353515625,354.1630859375,0.9902722239494324,982.3892822265625,531.7236328125,0.9865996837615967,813.7945556640625,488.5009460449219,0.9856652617454529,845.8361206054688,591.2532958984375,0.9505486488342285
566,1049.1173095703125,278.6734924316406,0.9906208515167236,920.6478271484375,353.7030029296875,0.9913694858551025,980.7057495117188,529.854736328125,0.9843451976776123,811.0933837890625,486.60284423828125,0.9915217161178589,842.5576171875,589.452392578125,0.9675829410552979
567,1049.860107421875,278.0872802734375,0.9936883449554443,921.0975341796875,352.1014404296875,0.9926632642745972,979.7545166015625,528.5209350585938,0.9789613485336304,809.1904296875,484.5890197753906,0.9896737337112427,838.35107421875,590.5665893554688,0.9797258377075195
568,1050.4375,277.98681640625,0.9937422275543213,921.9810180664062,351.5725402832031,0.9935842752456665,976.6268920898438,526.6735229492188,0.9754453897476196,807.312744140625,483.35064697265625,0.9767897129058838,833.31591796875,590.5240478515625,0.9689733982086182
569,1051.53759765625,278.0777893066406,0.9950588941574097,922.8778076171875,350.767822265625,0.9939154386520386,975.7467651367188,525.7001953125,0.9737793803215027,806.8798828125,481.54620361328125,0.9842038154602051,826.4305419921875,589.009521484375,0.9803076982498169
570,1052.5789794921875,278.691162109375,0.9942905902862549,923.7859497070312,350.6463317871094,0.9944257736206055,973.2478637695312,524.7186279296875,0.9805026650428772,804.8069458007812,479.9613342285156,0.9887742400169373,823.5399780273438,588.6931762695312,0.9688116908073425
571,1053.4755859375,279.26318359375,0.9931639432907104,924.8748168945312,350.5634765625,0.993218183517456,970.9937133789062,524.3390502929688,0.9840221405029297,802.3236694335938,477.89306640625,0.9874640703201294,817.4827270507812,588.305419921875,0.9772228002548218
572,1054.2530517578125,280.3644714355469,0.9903370141983032,925.97412109375,350.7359313964844,0.9906483292579651,969.0881958007812,524.052490234375,0.9796121716499329,800.1177368164062,476.8849792480469,0.9848042726516724,811.841796875,588.0221557617188,0.9658265709877014
573,1055.8861083984375,280.327392578125,0.9915006160736084,927.3087768554688,351.4925842285156,0.9904187917709351,968.0402221679688,524.4293212890625,0.9774470925331116,797.7196044921875,478.41253662109375,0.9899247884750366,807.6448974609375,587.483154296875,0.9675588607788086
574,1056.901123046875,281.1562805175781,0.9929512739181519,928.2918090820312,352.72613525390625,0.9902595281600952,967.0092163085938,524.1260986328125,0.9817793369293213,796.0718994140625,477.88177490234375,0.9895964860916138,805.4990844726562,587.4768676757812,0.962611198425293
575,1058.2908935546875,282.20123291015625,0.994493842124939,929.5206909179688,353.9045104980469,0.9878548979759216,967.2644653320312,523.7557983398438,0.9822795391082764,794.4125366210938,477.64996337890625,0.9874623417854309,800.7706909179688,587.1605224609375,0.9637073278427124
576,1059.6119384765625,283.54736328125,0.9953160285949707,930.6953735351562,354.2596130371094,0.9892936944961548,967.1622924804688,523.5460815429688,0.9810803532600403,793.0519409179688,477.23046875,0.9834738373756409,797.1958618164062,586.5424194335938,0.946749210357666
577,1060.9110107421875,284.7485046386719,0.9936681985855103,931.6950073242188,355.77386474609375,0.991267204284668,967.3431396484375,523.42919921875,0.9815654158592224,792.19287109375,475.84918212890625,0.9832471609115601,792.6177368164062,586.4108276367188,0.9694048762321472
578,1061.97607421875,286.24249267578125,0.9908136129379272,932.794921875,356.7708435058594,0.9937872290611267,966.763427734375,523.0905151367188,0.9832289218902588,790.8276977539062,475.96917724609375,0.9860048294067383,789.0980224609375,585.1658935546875,0.9537198543548584
579,1062.24951171875,288.1803894042969,0.9876329898834229,933.8146362304688,358.1590270996094,0.9934293031692505,966.424560546875,523.0017700195312,0.9818121194839478,788.8786010742188,475.80352783203125,0.9873456954956055,784.2824096679688,586.3291625976562,0.9221475124359131
580,1061.6785888671875,288.9244689941406,0.9896090030670166,934.9314575195312,359.4727478027344,0.9915735721588135,965.8815307617188,522.7837524414062,0.9842364192008972,787.86328125,475.2828674316406,0.9879294037818909,778.1475219726562,584.2391357421875,0.9359023571014404
581,1062.549560546875,290.00140380859375,0.9913209080696106,935.7402954101562,360.1407470703125,0.9922102689743042,964.891357421875,522.7510375976562,0.983412504196167,786.728759765625,475.01763916015625,0.9890894889831543,775.4912719726562,585.6679077148438,0.9580711722373962
582,1063.11572265625,291.9761047363281,0.9931027293205261,936.4473266601562,360.8691101074219,0.9929272532463074,965.2307739257812,522.4627075195312,0.9828190207481384,785.6906127929688,475.3288879394531,0.9883270263671875,771.3487548828125,583.5459594726562,0.9418398141860962
583,1063.3428955078125,293.5997009277344,0.9892851114273071,937.397216796875,361.5785217285156,0.991570234298706,964.866943359375,522.4866333007812,0.9826302528381348,785.01953125,475.7137451171875,0.9873895645141602,768.9990844726562,586.9869384765625,0.9233834147453308
584,1064.6634521484375,295.6430358886719,0.9837076663970947,937.6630859375,362.0923156738281,0.9899606704711914,964.7077026367188,522.5143432617188,0.9832425117492676,784.775146484375,476.02215576171875,0.9851685762405396,762.7959594726562,584.0049438476562,0.9091750383377075
585,1065.596435546875,296.5791015625,0.9898147583007812,937.9197998046875,362.5679626464844,0.9929802417755127,963.8297119140625,522.5657958984375,0.9847548604011536,784.4240112304688,476.505615234375,0.9807289838790894,759.6187744140625,585.3212890625,0.9314108490943909
586,1065.880859375,297.3707275390625,0.991571307182312,938.3013916015625,362.80657958984375,0.9936276078224182,963.3690185546875,522.56396484375,0.9839181900024414,784.46142578125,476.609130859375,0.9787043333053589,757.961181640625,586.3212890625,0.9492228031158447
587,1066.819091796875,298.1860656738281,0.9890937209129333,938.5479736328125,363.20440673828125,0.9935828447341919,962.9481201171875,522.8045043945312,0.9833638072013855,784.5769653320312,476.83526611328125,0.9788649082183838,754.44873046875,582.8734741210938,0.9406862258911133
588,1067.605712890625,298.5084228515625,0.9912205934524536,938.8057250976562,363.6032409667969,0.9934855699539185,963.3805541992188,522.714111328125,0.983646035194397,783.755859375,478.8271789550781,0.977780282497406,749.381103515625,583.7801513671875,0.9049757719039917
589,1068.4505615234375,298.72711181640625,0.9908539056777954,939.0299072265625,364.279296875,0.9923505783081055,963.0721435546875,522.85498046875,0.982982873916626,783.33984375,479.322998046875,0.9804477691650391,744.085693359375,585.6863403320312,0.9367888569831848
590,1068.3583984375,299.2928466796875,0.9900079965591431,938.9586791992188,364.3266296386719,0.9921251535415649,963.158447265625,522.6206665039062,0.9815189838409424,782.5877075195312,479.7951354980469,0.9834758043289185,740.8583984375,585.5841064453125,0.9510829448699951
591,1067.864013671875,298.8781433105469,0.990967869758606,938.5517578125,364.18487548828125,0.992196798324585,963.2982788085938,522.4379272460938,0.9827980399131775,781.8648681640625,480.0940856933594,0.9867255091667175,734.6134033203125,580.984375,0.9254594445228577
592,1067.1324462890625,298.3782958984375,0.9911551475524902,938.1273803710938,363.7801208496094,0.9921643733978271,963.242431640625,522.0795288085938,0.9814878702163696,780.98779296875,480.2574462890625,0.9876670837402344,731.5941162109375,581.781005859375,0.9254825115203857
593,1066.4498291015625,298.1125183105469,0.9922363758087158,937.9713745117188,363.4533386230469,0.9924018383026123,963.1710815429688,521.7495727539062,0.9813911318778992,780.4799194335938,481.1334228515625,0.9889370203018188,727.9395751953125,581.11962890625,0.9493913650512695
594,1066.08740234375,297.1559143066406,0.9933677911758423,937.6797485351562,362.9109802246094,0.9913361072540283,963.472412109375,520.9298706054688,0.973899245262146,780.0097045898438,481.4491882324219,0.9872568845748901,725.6271362304688,580.3530883789062,0.972149133682251
595,1065.9517822265625,296.17242431640625,0.9927651286125183,938.2496948242188,362.5860290527344,0.9904513359069824,963.09130859375,520.4095458984375,0.97273850440979,779.4235229492188,481.8936462402344,0.9861468076705933,722.335205078125,578.8731689453125,0.9751530885696411
596,1064.8604736328125,294.4546813964844,0.9923093914985657,937.8673706054688,361.8092346191406,0.9899539947509766,962.68017578125,519.73291015625,0.9730726480484009,778.97998046875,482.5233459472656,0.9851385354995728,718.5525512695312,578.7513427734375,0.961264967918396
597,1065.2862548828125,292.106201171875,0.9955735206604004,937.24853515625,361.1850280761719,0.9916026592254639,962.6557006835938,518.2317504882812,0.9785913228988647,778.1755981445312,482.9431457519531,0.983902096748352,716.1244506835938,578.6424560546875,0.9728304147720337
598,1065.56298828125,289.7319030761719,0.995415449142456,936.619384765625,360.2676086425781,0.9900379180908203,962.9201049804688,516.648193359375,0.9802915453910828,778.0829467773438,483.03851318359375,0.9810390472412109,712.7863159179688,577.16650390625,0.9639738202095032
599,1065.7845458984375,287.9980163574219,0.992272138595581,936.3528442382812,358.07696533203125,0.9902608394622803,962.92919921875,515.0827026367188,0.9814916253089905,778.2203979492188,482.93365478515625,0.982567310333252,712.3919067382812,574.9296264648438,0.9673804044723511
600,1065.773681640625,286.58026123046875,0.988255500793457,935.9268188476562,355.8465576171875,0.9907455444335938,963.525390625,513.25439453125,0.9780207276344299,778.6268920898438,482.7286071777344,0.9840112924575806,710.513427734375,575.1884765625,0.9692404270172119
601,1065.3709716796875,283.9431457519531,0.9912629127502441,935.9219970703125,353.3015441894531,0.9909189939498901,963.890625,511.92205810546875,0.9766863584518433,779.5684204101562,482.3593444824219,0.9867837429046631,709.3858642578125,574.6581420898438,0.9725499153137207
602,1065.1395263671875,281.9193420410156,0.9942998886108398,935.8701171875,351.1553039550781,0.9878291487693787,964.7228393554688,511.2449035644531,0.9799895286560059,780.8817749023438,481.7528076171875,0.9872736930847168,709.0280151367188,574.0858154296875,0.9728220701217651
603,1064.27001953125,280.48284912109375,0.9908053874969482,936.0785522460938,349.8356018066406,0.9891441464424133,966.0687866210938,510.9835205078125,0.9799472093582153,782.979248046875,480.246826171875,0.9785627722740173,710.7621459960938,573.5916748046875,0.977074146270752
604,1063.737548828125,277.9482421875,0.9921839237213135,935.6407470703125,348.5581359863281,0.9920386672019958,967.784912109375,510.9105224609375,0.9762796759605408,786.7217407226562,476.2688903808594,0.9813679456710815,709.9064331054688,572.4235229492188,0.975543200969696
605,1064.2225341796875,274.8441162109375,0.9954491853713989,935.4339599609375,347.6405944824219,0.9934147596359253,969.5646362304688,509.9889831542969,0.9742944240570068,789.2188110351562,473.8877258300781,0.987013578414917,710.9419555664062,572.7237548828125,0.9594016075134277
606,1063.96337890625,272.97515869140625,0.9945006966590881,935.6535034179688,346.2455749511719,0.9936931133270264,971.8838500976562,510.5884704589844,0.9743470549583435,792.1537475585938,471.1291809082031,0.9771264791488647,712.02978515625,570.8829956054688,0.9516355395317078
607,1064.198974609375,271.04461669921875,0.9873268604278564,935.7593994140625,345.0871276855469,0.9928010702133179,973.7882080078125,511.90826416015625,0.9683022499084473,794.77392578125,469.243408203125,0.9843530654907227,712.8341064453125,570.147216796875,0.9597374796867371
608,1063.59716796875,267.89569091796875,0.9886519312858582,936.070556640625,343.5176086425781,0.9901305437088013,976.762451171875,511.6571960449219,0.9550061225891113,797.7083129882812,469.67694091796875,0.9801583290100098,713.1723022460938,571.1705322265625,0.9462912082672119
609,1063.9609375,266.1194763183594,0.9919675588607788,936.3333129882812,341.9714050292969,0.988239049911499,981.4913330078125,511.9048156738281,0.9598536491394043,801.3167724609375,471.7724304199219,0.9767755270004272,718.26904296875,569.7450561523438,0.9254434108734131
610,1063.4530029296875,264.5942687988281,0.9917323589324951,936.43798828125,340.21075439453125,0.990269124507904,984.7889404296875,512.2308959960938,0.9341233968734741,803.2196044921875,472.5766906738281,0.985442042350769,722.5235595703125,569.4004516601562,0.9585632681846619
611,1062.2425537109375,264.55377197265625,0.9897078275680542,936.6989135742188,338.821044921875,0.9918428659439087,990.4451293945312,513.1912231445312,0.9525632858276367,805.2687377929688,472.4361572265625,0.9860954284667969,729.701904296875,569.8148193359375,0.9639336466789246
612,1063.588623046875,262.1596984863281,0.9912375807762146,937.082275390625,337.9499816894531,0.9925963878631592,992.5657958984375,515.1641845703125,0.9587927460670471,808.2780151367188,471.4568786621094,0.9798061847686768,738.222412109375,569.6898803710938,0.9627585411071777
613,1064.3214111328125,260.0697326660156,0.9953031539916992,937.9190673828125,337.16552734375,0.9933576583862305,994.2730102539062,515.2847290039062,0.9664128422737122,810.8982543945312,468.64996337890625,0.9907770156860352,749.9063720703125,570.5289916992188,0.9543602466583252
614,1064.67529296875,258.645751953125,0.9951936602592468,938.9805908203125,335.5031433105469,0.9940840005874634,997.8296508789062,515.4967651367188,0.9695796370506287,814.2332763671875,463.7881774902344,0.989078164100647,758.33203125,571.5343017578125,0.9620369076728821
615,1065.0621337890625,257.6871032714844,0.9951891899108887,939.8878173828125,335.05059814453125,0.9941986799240112,1002.866455078125,514.296142578125,0.936621904373169,817.1817626953125,459.32183837890625,0.9912201762199402,775.8204956054688,567.53369140625,0.929743230342865
616,1065.5828857421875,256.8090515136719,0.9943580031394958,941.00244140625,334.30169677734375,0.9929698705673218,1008.880126953125,512.8955078125,0.91881263256073,820.2423095703125,455.4850158691406,0.9888080358505249,792.07421875,565.4603271484375,0.9547144174575806
617,1066.115966796875,256.3085632324219,0.9918791055679321,942.0052490234375,334.0393981933594,0.991098940372467,1011.2667846679688,512.6683959960938,0.9750781059265137,824.7964477539062,452.3009338378906,0.9792807102203369,808.0327758789062,564.8796997070312,0.9359092712402344
618,1066.1634521484375,255.332275390625,0.9889929294586182,943.0628051757812,333.66796875,0.9880573749542236,1012.9456176757812,513.4755249023438,0.9777928590774536,826.171875,448.24676513671875,0.9885039329528809,822.6116943359375,567.0208129882812,0.9450296759605408
619,1067.6646728515625,254.4633026123047,0.9868655204772949,943.9348754882812,333.41796875,0.9876067042350769,1014.5718383789062,514.0184326171875,0.9810099601745605,830.089599609375,444.8758544921875,0.987138032913208,837.3676147460938,568.310546875,0.9394075870513916
620,1068.9461669921875,253.79788208007812,0.9886629581451416,944.9053955078125,332.2288513183594,0.9910478591918945,1016.548095703125,514.310302734375,0.9748690128326416,833.4570922851562,441.77288818359375,0.990170955657959,851.7084350585938,561.3601684570312,0.9525696635246277
621,1069.3848876953125,253.2215118408203,0.9876957535743713,946.7349853515625,331.5082092285156,0.9933873414993286,1018.9497680664062,513.15673828125,0.9804967641830444,838.3885498046875,440.51544189453125,0.989240288734436,865.0042114257812,556.7399291992188,0.9536150693893433
622,1071.358154296875,252.62086486816406,0.9909107685089111,949.1319580078125,330.83154296875,0.9943585991859436,1023.9872436523438,511.1949462890625,0.9697432518005371,844.4014282226562,440.0462646484375,0.9891108870506287,878.3489379882812,554.4059448242188,0.933449387550354
623,1073.256103515625,252.60458374023438,0.9933823347091675,950.9210815429688,330.3683166503906,0.9942077398300171,1029.0140380859375,510.64068603515625,0.9839135408401489,848.9529418945312,439.0191345214844,0.9793111085891724,887.3082275390625,554.2098388671875,0.9115642309188843
624,1076.1837158203125,251.8465576171875,0.9934384822845459,953.096923828125,330.1047668457031,0.9906723499298096,1032.943115234375,509.30072021484375,0.9857776165008545,855.2258911132812,437.4132080078125,0.9861551523208618,897.9257202148438,547.5299682617188,0.9493168592453003
625,1077.726806640625,251.6934814453125,0.9934651851654053,954.3507690429688,330.21453857421875,0.9914060831069946,1038.662109375,509.4436340332031,0.9811241626739502,860.9208374023438,438.0156555175781,0.9908773899078369,910.9944458007812,549.266845703125,0.9033738970756531
626,1079.16259765625,251.2749786376953,0.9920147061347961,956.0260009765625,330.9383850097656,0.9897348880767822,1043.901123046875,509.3430480957031,0.9888906478881836,866.7791748046875,438.67254638671875,0.9833440780639648,920.3576049804688,542.3623046875,0.9436147809028625
627,1081.1527099609375,250.64349365234375,0.9920530915260315,958.4592895507812,331.2217712402344,0.987065315246582,1048.337890625,509.6343688964844,0.986373782157898,873.0862426757812,441.44403076171875,0.9887045621871948,931.8941650390625,541.818359375,0.9602256417274475
628,1083.666259765625,250.78457641601562,0.9933520555496216,960.987548828125,330.9175720214844,0.9897012710571289,1052.2479248046875,508.9430236816406,0.9824932813644409,879.4564819335938,443.35968017578125,0.9908643960952759,943.7156372070312,543.9800415039062,0.9424813985824585
629,1085.785888671875,251.26907348632812,0.9921630620956421,964.2076416015625,331.63909912109375,0.9933332800865173,1060.15234375,508.7662658691406,0.9893634915351868,885.6322021484375,446.59515380859375,0.9912859797477722,958.1570434570312,546.9784545898438,0.9424002170562744
630,1087.1217041015625,251.0612030029297,0.9891777038574219,967.3359375,331.8697509765625,0.9932732582092285,1064.58056640625,508.7978210449219,0.985376238822937,893.0961303710938,455.2690124511719,0.9882656335830688,969.2000122070312,544.824462890625,0.9538915753364563
631,1088.9876708984375,252.25018310546875,0.9952952861785889,969.3565673828125,332.7500915527344,0.9883660078048706,1070.94287109375,509.3094177246094,0.9799879789352417,896.4886474609375,458.57452392578125,0.9952767491340637,980.029541015625,547.029541015625,0.9583190679550171
632,1091.1500244140625,252.44281005859375,0.9951585531234741,971.4512939453125,333.485595703125,0.9921305179595947,1077.47998046875,509.63623046875,0.9892396926879883,905.1029663085938,467.79803466796875,0.9903266429901123,991.3411254882812,549.7168579101562,0.9528035521507263
633,1093.0322265625,252.43922424316406,0.99436354637146,973.6695556640625,335.1339111328125,0.9924325942993164,1082.527587890625,509.5247802734375,0.9837431907653809,912.6458129882812,473.5669860839844,0.9941055178642273,1001.8606567382812,555.2300415039062,0.9538383483886719
634,1095.02587890625,252.78102111816406,0.9930629730224609,976.5093994140625,337.0104064941406,0.9909608364105225,1089.5738525390625,510.68658447265625,0.9826990365982056,920.6624755859375,483.2522888183594,0.989681601524353,1012.9973754882812,559.62890625,0.958993673324585
635,1095.5465087890625,253.6052703857422,0.9934279918670654,979.0217895507812,338.0543518066406,0.9916907548904419,1096.0262451171875,510.7936706542969,0.9788421392440796,928.49267578125,488.231201171875,0.9936848878860474,1022.56201171875,563.3685913085938,0.9572612047195435
636,1095.7218017578125,254.7602081298828,0.9915813207626343,980.9782104492188,340.19390869140625,0.9941215515136719,1102.7313232421875,511.6369934082031,0.9712352752685547,935.835693359375,496.663330078125,0.9829105138778687,1030.9351806640625,566.3113403320312,0.9335893392562866
637,1096.950439453125,254.13526916503906,0.9886411428451538,983.2025146484375,341.8025207519531,0.9915841817855835,1108.972900390625,514.148193359375,0.9836294054985046,945.0223999023438,502.9508056640625,0.9895597696304321,1039.667236328125,570.4569091796875,0.9454987049102783
638,1098.079833984375,255.72096252441406,0.9926853179931641,984.3397216796875,344.09136962890625,0.9828000068664551,1113.4044189453125,515.9021606445312,0.9816385507583618,951.682861328125,509.37396240234375,0.9892001748085022,1049.27099609375,576.8226318359375,0.9466140270233154
639,1100.025146484375,257.293212890625,0.996200442314148,986.4044189453125,345.63714599609375,0.991631269454956,1118.8402099609375,517.802001953125,0.9790277481079102,960.806884765625,518.6024169921875,0.9858127236366272,1057.2720947265625,580.0228271484375,0.9151937365531921
640,1101.3980712890625,259.28546142578125,0.9969944953918457,987.9492797851562,347.9180603027344,0.9921997785568237,1121.24462890625,520.3357543945312,0.9847472906112671,965.1460571289062,521.5980834960938,0.9931813478469849,1060.7530517578125,585.2841796875,0.9232586026191711
641,1101.5108642578125,262.2030334472656,0.9950740337371826,989.740966796875,350.4590759277344,0.9912444353103638,1124.6910400390625,522.3474731445312,0.987347424030304,968.3067016601562,524.6687622070312,0.9907323718070984,1060.339111328125,586.8024291992188,0.9504276514053345
642,1101.947998046875,264.4659423828125,0.9915521144866943,991.3685913085938,354.27862548828125,0.9924445748329163,1126.105224609375,523.8279418945312,0.987663209438324,970.8790283203125,524.92138671875,0.9922550916671753,1059.3013916015625,586.9351196289062,0.9481557607650757
643,1102.9197998046875,265.6727294921875,0.9882233142852783,992.281494140625,357.8882141113281,0.9881656169891357,1126.6279296875,525.31103515625,0.9817941188812256,970.3465576171875,522.0690307617188,0.9926007986068726,1056.16650390625,586.9412841796875,0.9159119129180908
644,1103.4547119140625,268.5973815917969,0.9899743795394897,992.0161743164062,361.1858215332031,0.9877709150314331,1125.9658203125,529.180419921875,0.97639000415802,968.9913940429688,518.92529296875,0.9818475842475891,1048.239990234375,586.8536376953125,0.949970006942749
645,1104.0296630859375,271.73529052734375,0.9900203943252563,992.7947387695312,363.8448791503906,0.9910147190093994,1123.405029296875,532.8278198242188,0.9823415875434875,964.9823608398438,518.2703247070312,0.9880281686782837,1045.2103271484375,588.7543334960938,0.9645013809204102
646,1103.722900390625,274.2499084472656,0.9944524765014648,992.9393920898438,366.8968811035156,0.9885885119438171,1120.424072265625,536.5093383789062,0.9751074910163879,960.8094482421875,518.9503784179688,0.9859466552734375,1040.0413818359375,589.8841552734375,0.932614803314209
647,1103.621826171875,277.2892150878906,0.9965455532073975,993.5443725585938,368.37127685546875,0.9859206676483154,1116.7099609375,539.61279296875,0.9845839738845825,955.358154296875,519.3963012695312,0.9852950572967529,1032.137451171875,592.0355834960938,0.9416903257369995
648,1103.5374755859375,279.5496826171875,0.9945691823959351,992.8933715820312,371.0542297363281,0.9874927997589111,1112.71484375,542.0020751953125,0.9764298796653748,950.0555419921875,518.3043212890625,0.9850516319274902,1026.9307861328125,592.7467651367188,0.9457962512969971
649,1103.2061767578125,280.945068359375,0.9880188703536987,991.8424682617188,372.39471435546875,0.9891257286071777,1110.023681640625,543.4585571289062,0.9728865623474121,944.6538696289062,517.5444946289062,0.9904199838638306,1020.8386840820312,592.0079956054688,0.9331144094467163
650,1103.0670166015625,280.91546630859375,0.9826016426086426,990.5593872070312,373.06671142578125,0.990524411201477,1105.801025390625,546.21435546875,0.9753766655921936,941.0620727539062,517.0589599609375,0.9920766949653625,1014.3463745117188,591.4837646484375,0.9482665657997131
651,1103.26708984375,281.4559631347656,0.9864730834960938,989.0567016601562,373.4299621582031,0.9917782545089722,1102.26708984375,547.5660400390625,0.9716404676437378,935.9571533203125,515.5316162109375,0.9843502640724182,1012.8223876953125,593.575439453125,0.9498624205589294
652,1102.608642578125,282.6211853027344,0.9898037314414978,987.4257202148438,373.9717102050781,0.9909114837646484,1097.9932861328125,547.8844604492188,0.9717776775360107,932.9092407226562,512.9597778320312,0.9866937398910522,1005.9507446289062,593.099365234375,0.9389803409576416
653,1101.805419921875,282.9452819824219,0.990216076374054,985.8020629882812,372.62786865234375,0.9905653595924377,1092.39697265625,549.29638671875,0.9866130352020264,929.1002197265625,512.3176879882812,0.9896392822265625,998.918212890625,592.7601928710938,0.952175498008728
654,1101.1204833984375,282.60296630859375,0.9919705986976624,984.285400390625,371.9374084472656,0.9890637397766113,1089.146484375,548.3572387695312,0.9824175238609314,925.6683349609375,511.29376220703125,0.99398273229599,997.2245483398438,591.68505859375,0.9443340301513672
655,1100.4306640625,281.89984130859375,0.991923987865448,983.453369140625,369.89202880859375,0.9911974668502808,1084.97900390625,548.692138671875,0.9802228212356567,921.2440795898438,509.96051025390625,0.9908323287963867,990.763427734375,593.7802734375,0.937315821647644
656,1099.8223876953125,281.1194763183594,0.9923233985900879,981.9715576171875,368.6944885253906,0.9914237260818481,1082.2386474609375,546.2561645507812,0.9788966178894043,917.8762817382812,506.4905090332031,0.9948660731315613,983.5990600585938,592.906982421875,0.9485040903091431
657,1099.13232421875,279.9040832519531,0.9902191162109375,980.084228515625,367.5935974121094,0.9930301904678345,1078.4744873046875,545.814697265625,0.9813263416290283,913.473388671875,505.0838623046875,0.9939794540405273,982.5108642578125,592.1968383789062,0.9471738338470459
658,1098.371826171875,279.5118408203125,0.9897182583808899,977.9041748046875,365.5579528808594,0.9927601218223572,1074.68310546875,543.1917114257812,0.9766250252723694,911.4856567382812,505.5596008300781,0.9930939674377441,975.2263793945312,593.7664184570312,0.9335745573043823
659,1097.64404296875,278.1620178222656,0.9923686385154724,975.832275390625,363.52716064453125,0.9897739291191101,1071.5076904296875,541.7723388671875,0.9761130809783936,908.5048828125,504.81121826171875,0.9934757947921753,970.9125366210938,593.9053955078125,0.9598220586776733
660,1096.824951171875,276.7253723144531,0.99251389503479,975.0213623046875,362.19195556640625,0.9861800074577332,1066.2218017578125,540.7764892578125,0.9815995693206787,905.43310546875,502.4096374511719,0.9826514720916748,966.6409912109375,592.2716674804688,0.9453716278076172
661,1096.523193359375,275.38836669921875,0.993571400642395,973.6303100585938,360.533447265625,0.984536349773407,1063.98828125,540.8753051757812,0.9860131740570068,901.3856811523438,499.60784912109375,0.9894306659698486,961.39599609375,591.8579711914062,0.9394654631614685
662,1095.9190673828125,274.2136535644531,0.9928296208381653,972.8427124023438,359.2691345214844,0.9874405860900879,1061.2269287109375,539.3363037109375,0.9911437034606934,898.3907470703125,497.7559814453125,0.9871870279312134,956.582763671875,592.9241943359375,0.9555795788764954
663,1095.0521240234375,272.9873962402344,0.9920440316200256,971.7127075195312,357.8706359863281,0.9907116889953613,1059.100830078125,538.2899169921875,0.9884330034255981,895.2106323242188,497.25360107421875,0.9936990737915039,954.1571655273438,592.5303344726562,0.9663993716239929
664,1094.6900634765625,272.0550842285156,0.9890196323394775,970.8494262695312,355.7732849121094,0.9903382062911987,1056.968994140625,536.8699340820312,0.976905107498169,892.3859252929688,496.4041442871094,0.9930976629257202,947.726318359375,591.436767578125,0.9487769603729248
665,1094.388427734375,271.1257629394531,0.9847981929779053,970.1116943359375,354.1784973144531,0.9919682741165161,1055.6160888671875,535.5140991210938,0.9781460165977478,889.4578247070312,494.055419921875,0.9903906583786011,944.2034301757812,592.3709716796875,0.9403764009475708
666,1095.0413818359375,271.3408203125,0.9867147207260132,969.5796508789062,353.0724792480469,0.9922022819519043,1054.367919921875,534.8425903320312,0.9828542470932007,887.0140991210938,490.2084045410156,0.9938812255859375,939.27685546875,591.9713745117188,0.9635970592498779
667,1095.2808837890625,270.7509460449219,0.9858347177505493,969.1587524414062,352.3474426269531,0.9920547604560852,1051.9725341796875,533.6063842773438,0.9860371351242065,883.1419067382812,488.74725341796875,0.9957553148269653,936.5221557617188,591.87841796875,0.9489942789077759
668,1094.87158203125,270.57269287109375,0.9884361028671265,968.408935546875,351.6199035644531,0.9906079769134521,1049.9752197265625,531.3619384765625,0.9828997850418091,879.8201904296875,489.56658935546875,0.9887963533401489,931.2271728515625,592.353271484375,0.9429241418838501
669,1095.4615478515625,270.0907287597656,0.9873876571655273,968.3343505859375,350.1976318359375,0.9888314008712769,1047.322021484375,531.3397827148438,0.9795024394989014,879.3048706054688,490.69512939453125,0.990721583366394,925.0504760742188,591.8634033203125,0.9591139554977417
670,1095.521728515625,269.9373474121094,0.987415075302124,969.0899658203125,349.5709533691406,0.990341305732727,1046.0372314453125,530.0567016601562,0.981151819229126,877.1432495117188,489.7220153808594,0.9925590753555298,922.211669921875,591.5349731445312,0.9580399394035339
671,1095.8682861328125,269.57000732421875,0.9876248240470886,969.1275024414062,348.76702880859375,0.9913617968559265,1043.990966796875,528.881103515625,0.9802697896957397,874.6805419921875,487.648681640625,0.9909877181053162,915.328369140625,591.0803833007812,0.960965096950531
672,1096.13916015625,268.64166259765625,0.9890521764755249,969.2415771484375,348.1066589355469,0.9902198314666748,1040.918212890625,527.160400390625,0.9767149686813354,873.1268920898438,485.2976989746094,0.9833897948265076,910.7328491210938,590.9482421875,0.9487116932868958
673,1096.7822265625,268.76092529296875,0.9898068308830261,969.381591796875,347.8570251464844,0.9905001521110535,1039.099853515625,526.4630737304688,0.975754976272583,871.19140625,484.378173828125,0.9888982176780701,907.5829467773438,590.8532104492188,0.9620252847671509
674,1097.27099609375,268.83587646484375,0.9895559549331665,969.5708618164062,347.42144775390625,0.9899952411651611,1036.5400390625,525.1802368164062,0.981287956237793,869.3499145507812,483.18780517578125,0.9910293817520142,903.2918090820312,589.1058959960938,0.9767037630081177
675,1097.888671875,268.82916259765625,0.9904356002807617,969.3199462890625,347.2068786621094,0.9907388091087341,1034.3486328125,524.9815063476562,0.983451247215271,866.520751953125,482.1405944824219,0.9877794981002808,899.2489624023438,590.2427978515625,0.9727679491043091
676,1098.31982421875,269.0410461425781,0.9906694889068604,969.573974609375,347.1305236816406,0.9910027980804443,1032.6650390625,524.8614501953125,0.979830265045166,863.1663818359375,481.0378112792969,0.9913352131843567,892.663818359375,588.913818359375,0.9669699668884277
677,1098.7603759765625,269.7077941894531,0.9907708168029785,970.087646484375,347.15899658203125,0.9922888278961182,1031.5328369140625,525.0924072265625,0.9870632290840149,860.9078979492188,480.1820068359375,0.9929612278938293,889.2503662109375,588.0078735351562,0.9794690608978271
678,1098.3597412109375,270.4086608886719,0.9902076125144958,970.3101806640625,347.40203857421875,0.9927558898925781,1028.6585693359375,524.5723266601562,0.9898463487625122,858.488037109375,479.42633056640625,0.9915527701377869,884.173583984375,586.1718139648438,0.9772641062736511
679,1098.7427978515625,271.15789794921875,0.9929222464561462,970.4857788085938,347.4302673339844,0.9928724765777588,1026.17431640625,524.487548828125,0.9877439737319946,856.2645263671875,477.269775390625,0.9862731099128723,878.4016723632812,586.284423828125,0.9737347960472107
680,1099.39697265625,272.3560791015625,0.9935946464538574,970.6438598632812,347.67327880859375,0.9931946396827698,1023.5166625976562,523.9974365234375,0.9820641279220581,854.3300170898438,476.3110046386719,0.9870548248291016,872.8773803710938,586.0830078125,0.9783662557601929
681,1099.361083984375,273.2568359375,0.9942963123321533,970.7872314453125,348.2619323730469,0.9929342865943909,1021.0386962890625,524.3643188476562,0.9824984073638916,851.1630859375,475.156982421875,0.992127537727356,870.8031005859375,584.8937377929688,0.9694399237632751
682,1099.392333984375,274.6744689941406,0.9946346879005432,971.02685546875,348.9143981933594,0.993412971496582,1019.2283325195312,524.1132202148438,0.9839943647384644,848.5420532226562,474.533447265625,0.9906091690063477,865.60205078125,584.4904174804688,0.9669865369796753
683,1099.875732421875,275.89306640625,0.9943743944168091,971.8843383789062,349.79595947265625,0.9933751821517944,1018.24853515625,523.84912109375,0.9829227924346924,845.7967529296875,475.1373291015625,0.9892958402633667,861.8507080078125,584.5975952148438,0.949093222618103
684,1099.51220703125,278.1960754394531,0.9920294880867004,972.5104370117188,350.8761901855469,0.9934950470924377,1017.2198486328125,523.6578369140625,0.9764512777328491,843.2782592773438,475.34039306640625,0.9868513345718384,856.3221435546875,584.2533569335938,0.9695068597793579
685,1099.5177001953125,280.05010986328125,0.9895240068435669,972.8726806640625,352.0516052246094,0.9935913681983948,1016.0291748046875,524.3026123046875,0.9779502749443054,841.2596435546875,475.2730712890625,0.9868410229682922,853.6554565429688,583.0623168945312,0.9720462560653687
686,1099.7574462890625,280.7066955566406,0.991327166557312,973.314453125,353.78839111328125,0.9942344427108765,1015.7766723632812,524.0108642578125,0.9766958951950073,839.6032104492188,474.6958923339844,0.9849505424499512,847.5994262695312,583.7338256835938,0.9566928148269653
687,1099.19091796875,282.0059509277344,0.9918314814567566,973.8096923828125,355.7364501953125,0.9942278265953064,1015.4002685546875,523.8027954101562,0.9799433946609497,836.7432861328125,473.9792785644531,0.9900491833686829,843.2022705078125,583.7393798828125,0.9655398726463318
688,1099.5823974609375,283.3780822753906,0.9909870028495789,974.5848388671875,357.54095458984375,0.9905436038970947,1014.8721923828125,523.6448364257812,0.983210563659668,834.537841796875,473.3363952636719,0.9892944097518921,839.488525390625,582.939453125,0.9555734395980835
689,1100.234375,284.7620544433594,0.9909700155258179,975.1943969726562,359.171142578125,0.9841833710670471,1014.7763671875,523.5443115234375,0.983450174331665,832.6790771484375,473.3667297363281,0.9870015382766724,833.9320068359375,582.338623046875,0.9666858315467834
690,1100.87744140625,286.11285400390625,0.9880989789962769,974.78564453125,360.7393493652344,0.9816092252731323,1013.6829833984375,523.4979248046875,0.9827650785446167,830.9522705078125,474.0267028808594,0.984829843044281,829.9000244140625,583.3446044921875,0.9672367572784424
691,1100.470703125,287.20416259765625,0.9909238219261169,975.1941528320312,362.088134765625,0.9860213994979858,1011.7068481445312,523.5567626953125,0.9834362864494324,829.3626098632812,473.8153991699219,0.9852266311645508,824.4312744140625,583.2088012695312,0.9502679109573364
692,1100.5966796875,288.3819885253906,0.9935811161994934,975.0027465820312,362.4703063964844,0.9848237633705139,1011.4509887695312,523.2281494140625,0.9821311235427856,827.9288940429688,474.4950256347656,0.9833382368087769,820.3320922851562,581.603515625,0.9732142090797424
693,1100.931640625,289.164306640625,0.9947178363800049,975.2748413085938,363.17547607421875,0.9875929951667786,1009.831298828125,523.408447265625,0.9790830612182617,826.5553588867188,475.072509765625,0.9815659523010254,817.1906127929688,582.3980102539062,0.9410094022750854
694,1101.0562744140625,290.5093994140625,0.9942169189453125,975.7171020507812,363.6449279785156,0.988216757774353,1008.4459228515625,523.4007568359375,0.9745742082595825,825.524169921875,475.606689453125,0.9786403775215149,810.9185791015625,582.1417846679688,0.9400053024291992
695,1101.142578125,291.0431823730469,0.9941293001174927,976.2429809570312,363.6546936035156,0.9901052713394165,1008.128173828125,523.2938232421875,0.9750886559486389,824.2557983398438,476.0887145996094,0.9755322933197021,807.720703125,581.3464965820312,0.9514885544776917
696,1101.08447265625,292.1563415527344,0.9932289719581604,976.2315063476562,363.9503173828125,0.9900084733963013,1006.6139526367188,523.9337768554688,0.9758477210998535,823.9493408203125,475.3025817871094,0.9818857908248901,805.1417846679688,581.5669555664062,0.9560185670852661
697,1100.6451416015625,292.984375,0.9926479458808899,976.3424072265625,364.1038513183594,0.9896665215492249,1005.1838989257812,523.9310913085938,0.9802505970001221,822.9430541992188,475.24896240234375,0.9859588146209717,800.1671752929688,580.309814453125,0.9506864547729492
698,1100.5150146484375,292.969482421875,0.9927374720573425,975.7144775390625,364.5134582519531,0.9870954155921936,1003.6194458007812,523.6068115234375,0.9818228483200073,822.2719116210938,475.1467590332031,0.9876625537872314,796.4775390625,581.2555541992188,0.9330902695655823
699,1100.3231201171875,292.41400146484375,0.9942817091941833,975.626708984375,365.4250793457031,0.9873194694519043,1002.5894165039062,523.327880859375,0.9820460081100464,821.2752075195312,475.1180725097656,0.988121509552002,792.74072265625,581.3140869140625,0.9317428469657898
700,1099.4356689453125,292.0537414550781,0.9941055774688721,974.7586669921875,365.4168395996094,0.9883730411529541,1001.7612915039062,522.8983764648438,0.98417067527771,820.3218383789062,475.15277099609375,0.9889319539070129,788.1759033203125,582.1787719726562,0.9459413290023804
701,1098.7098388671875,290.8712463378906,0.9954813718795776,973.7005615234375,365.0777893066406,0.9893759489059448,1001.5921630859375,522.1346435546875,0.9824161529541016,819.0474243164062,474.76129150390625,0.9911402463912964,782.5880126953125,580.752197265625,0.9144241809844971
702,1098.3419189453125,289.2216491699219,0.9944394826889038,972.8162841796875,363.2778015136719,0.989608883857727,1001.4194946289062,521.5360717773438,0.9782177209854126,818.18505859375,474.8444519042969,0.9912337064743042,779.1195678710938,581.6502685546875,0.9125701785087585
703,1097.1875,288.3860778808594,0.9942933320999146,971.5868530273438,362.3569030761719,0.9921751022338867,1002.9730224609375,520.3675537109375,0.9749026894569397,817.0284423828125,474.93756103515625,0.989642322063446,775.1553344726562,582.113525390625,0.9273231625556946
704,1097.6141357421875,285.78497314453125,0.9888260364532471,971.0150146484375,361.3830261230469,0.9921247959136963,1003.8021850585938,518.5438232421875,0.9773281812667847,816.1840209960938,475.19012451171875,0.9844725131988525,771.161376953125,579.5650024414062,0.9480350613594055
705,1096.5181884765625,283.7322998046875,0.9882223606109619,970.5286865234375,360.7792663574219,0.9913747310638428,1003.412353515625,516.4077758789062,0.9800964593887329,814.4418334960938,475.9167175292969,0.9847657680511475,768.062744140625,580.6436767578125,0.8920803070068359
706,1095.5224609375,282.2238464355469,0.9898585081100464,970.4425659179688,359.0071716308594,0.989216685295105,1001.8800659179688,513.9146118164062,0.9748440980911255,814.196533203125,476.3861083984375,0.9853340983390808,762.377197265625,580.7776489257812,0.9344562292098999
707,1095.5341796875,280.9350891113281,0.9876260757446289,969.611083984375,356.72772216796875,0.9926097393035889,1002.348388671875,512.4759521484375,0.9638439416885376,814.6663208007812,478.0445861816406,0.9861831665039062,759.0572509765625,579.1790771484375,0.9579765796661377
708,1093.2650146484375,279.967529296875,0.9924840927124023,968.9345703125,354.4110107421875,0.9934292435646057,1002.32666015625,509.68841552734375,0.9696605205535889,814.68408203125,478.7777404785156,0.9864692687988281,755.4581298828125,578.6928100585938,0.9605525135993958
709,1092.993408203125,276.622314453125,0.9934749007225037,968.6219482421875,351.1787414550781,0.9930013418197632,1003.201171875,508.6847229003906,0.9742605686187744,814.8433227539062,479.67987060546875,0.9857550263404846,752.4284057617188,576.1484985351562,0.9604513645172119
710,1092.8343505859375,273.61395263671875,0.9917420148849487,968.0046997070312,348.4888916015625,0.990350604057312,1002.5468139648438,508.3143005371094,0.9799535870552063,815.2770385742188,480.1534423828125,0.9848060607910156,750.7901000976562,576.1812744140625,0.9559540748596191
711,1094.5860595703125,270.7479553222656,0.9873989224433899,968.8284912109375,348.2745666503906,0.9896538853645325,1002.8375854492188,507.7629089355469,0.9846155643463135,818.3895263671875,478.58709716796875,0.9789178371429443,748.8966674804688,573.33544921875,0.9520833492279053
712,1094.1343994140625,267.87469482421875,0.9876874685287476,969.3103637695312,346.4833984375,0.9891548156738281,1002.8910522460938,507.2195129394531,0.9847199320793152,819.5594482421875,476.6529235839844,0.9860846400260925,747.5647583007812,571.7050170898438,0.9377063512802124
713,1092.5709228515625,264.31573486328125,0.9855724573135376,969.114501953125,344.5047607421875,0.9901129603385925,1005.1900634765625,506.4031677246094,0.9805896878242493,820.9337768554688,473.8367919921875,0.9905105829238892,746.6837158203125,569.5786743164062,0.9601919651031494
714,1090.9635009765625,263.5184020996094,0.9947510361671448,968.345458984375,341.9024353027344,0.9889733791351318,1005.4984741210938,505.9898376464844,0.9806178212165833,823.2938842773438,471.437255859375,0.9818686246871948,749.3756713867188,565.4771118164062,0.9679327011108398
715,1091.1846923828125,260.9643859863281,0.9963566064834595,968.1843872070312,340.1161804199219,0.9912034273147583,1009.0819091796875,503.76727294921875,0.9744976758956909,825.6578979492188,468.7880859375,0.9892442226409912,752.11669921875,566.3269653320312,0.958611249923706
716,1091.4132080078125,256.9206237792969,0.9930006265640259,967.2180786132812,337.07952880859375,0.9922072887420654,1010.390869140625,503.98486328125,0.9771714210510254,829.9033813476562,466.7252197265625,0.9885297417640686,755.0089721679688,563.74267578125,0.9696168899536133
717,1092.2928466796875,254.92042541503906,0.9918434619903564,967.1725463867188,334.881591796875,0.9896421432495117,1013.5504150390625,504.0569152832031,0.9810506701469421,834.684814453125,462.4952392578125,0.9836030006408691,756.8528442382812,564.1575317382812,0.9617452621459961
718,1092.4007568359375,252.21144104003906,0.9919738173484802,968.8511352539062,332.9026794433594,0.986939549446106,1018.64111328125,502.4678039550781,0.966475784778595,838.496826171875,460.7324523925781,0.986186683177948,759.702392578125,565.6813354492188,0.9469946622848511
719,1092.64208984375,249.74502563476562,0.9936180114746094,969.2357177734375,331.4815368652344,0.9885468482971191,1022.8259887695312,501.6258850097656,0.958985447883606,840.7806396484375,459.5557861328125,0.9821743965148926,765.4789428710938,565.5198974609375,0.9599855542182922
720,1092.019287109375,249.33079528808594,0.9951460361480713,969.4786376953125,330.094970703125,0.9906479120254517,1025.681396484375,501.0056457519531,0.9598114490509033,843.4096069335938,459.046875,0.9860154390335083,772.5167236328125,563.1630859375,0.9381476640701294
721,1092.059326171875,247.9199676513672,0.9962950348854065,969.9542236328125,328.760986328125,0.991327702999115,1029.3900146484375,501.66363525390625,0.969210147857666,846.4921875,457.6745910644531,0.9861550331115723,781.322265625,564.2293701171875,0.9700635671615601
722,1091.347900390625,245.99603271484375,0.9971199035644531,970.4798583984375,328.3465881347656,0.9893172979354858,1033.183837890625,501.8960876464844,0.9423627257347107,850.0145263671875,455.3307800292969,0.986200213432312,792.43017578125,562.5096435546875,0.9641784429550171
723,1091.7442626953125,244.55052185058594,0.9965254068374634,972.0116577148438,326.80816650390625,0.9908530116081238,1037.1956787109375,501.1177062988281,0.9688358306884766,854.3158569335938,452.18597412109375,0.9900913834571838,806.8173828125,563.4651489257812,0.9437048435211182
724,1093.1729736328125,242.80621337890625,0.9941638708114624,973.0051879882812,325.53460693359375,0.9926897287368774,1040.035888671875,499.6317443847656,0.9673733115196228,856.6263427734375,448.6896057128906,0.9773446321487427,821.1886596679688,563.0245361328125,0.9499900341033936
725,1093.7313232421875,240.6792449951172,0.9909045696258545,974.1932373046875,324.11370849609375,0.99354088306427,1044.664794921875,498.5978088378906,0.9658104181289673,858.162841796875,445.39862060546875,0.9843761920928955,837.4403076171875,561.6126708984375,0.9508763551712036
726,1095.2266845703125,240.35702514648438,0.9909937381744385,976.3600463867188,323.1148681640625,0.9921466708183289,1048.3402099609375,497.6946105957031,0.956586480140686,862.4801635742188,443.2134704589844,0.9887574315071106,854.1119384765625,562.456298828125,0.9425835013389587
727,1095.995361328125,239.15345764160156,0.9914236068725586,977.6925048828125,321.240966796875,0.9884961247444153,1051.3812255859375,495.3785400390625,0.967427670955658,864.9751586914062,440.3405456542969,0.9880013465881348,872.2390747070312,564.60009765625,0.8790043592453003
728,1097.8013916015625,237.72576904296875,0.9912810325622559,978.9791870117188,320.50885009765625,0.9897354245185852,1055.580322265625,494.3798522949219,0.9720010757446289,870.2672119140625,438.9856872558594,0.9887560606002808,892.5532836914062,560.918701171875,0.9338208436965942
729,1098.536865234375,236.2703857421875,0.9934422969818115,981.078369140625,319.34454345703125,0.9908995628356934,1061.4716796875,493.5877685546875,0.9884490966796875,875.7806396484375,438.3683166503906,0.9866434335708618,906.9804077148438,556.8566284179688,0.9397540092468262
730,1099.689697265625,236.40277099609375,0.9926842451095581,982.548095703125,319.279541015625,0.9899654984474182,1065.8375244140625,492.7131652832031,0.9909254908561707,881.7486572265625,436.21240234375,0.9869378805160522,919.7695922851562,550.4227905273438,0.9176710844039917
731,1101.020751953125,235.79185485839844,0.9926984906196594,983.2392578125,318.5379638671875,0.9869140386581421,1071.498046875,492.7049255371094,0.983040452003479,888.1242065429688,433.5443115234375,0.9849940538406372,931.4791259765625,543.2227172851562,0.9353418350219727
732,1103.0904541015625,235.54855346679688,0.9898298382759094,986.0006103515625,317.8168640136719,0.9896973371505737,1076.2562255859375,492.1661376953125,0.9890518188476562,893.6593017578125,433.1577453613281,0.9927948713302612,943.7782592773438,542.67578125,0.8836089372634888
733,1103.5487060546875,234.98056030273438,0.9917014837265015,988.0103149414062,317.865478515625,0.9915395975112915,1080.6253662109375,491.3011779785156,0.9874483346939087,901.7022705078125,432.2386474609375,0.9897046089172363,953.8551025390625,541.7255859375,0.932191014289856
734,1106.3670654296875,235.1161346435547,0.9947712421417236,990.3949584960938,317.8704528808594,0.9893748760223389,1085.4586181640625,491.7304382324219,0.9840890169143677,908.2518920898438,435.4882507324219,0.9935376644134521,965.4759521484375,537.0775756835938,0.9631364345550537
735,1108.4449462890625,235.00244140625,0.9939022064208984,992.3394165039062,318.68914794921875,0.990727424621582,1091.0089111328125,491.27081298828125,0.9892684817314148,915.3216552734375,437.2852783203125,0.9908233284950256,979.92138671875,538.3400268554688,0.9521955251693726
736,1110.50048828125,234.86839294433594,0.9921703338623047,995.3582763671875,319.09423828125,0.9927502870559692,1095.710205078125,491.88336181640625,0.9892445802688599,923.3080444335938,442.4271545410156,0.9934537410736084,989.6920776367188,535.1763916015625,0.9312470555305481
737,1111.2822265625,235.24082946777344,0.9925642013549805,997.7514038085938,319.4864807128906,0.9906959533691406,1100.857421875,491.8330383300781,0.9797148704528809,928.798828125,444.5303039550781,0.9936462640762329,1005.578125,539.0040283203125,0.9612841010093689
738,1112.457763671875,234.4381103515625,0.9901553392410278,999.6295166015625,320.7256164550781,0.9903337955474854,1108.7724609375,492.00189208984375,0.9881933927536011,936.9293212890625,454.6600646972656,0.9875125885009766,1019.1902465820312,541.1952514648438,0.9516212940216064
739,1113.8001708984375,234.78318786621094,0.9911777973175049,1000.4534301757812,322.2124938964844,0.9904488325119019,1113.340576171875,492.4846496582031,0.9859801530838013,942.9916381835938,458.5323791503906,0.9948978424072266,1031.4300537109375,543.050048828125,0.9538971781730652
740,1115.4927978515625,236.73580932617188,0.9913294315338135,1003.1079711914062,323.8912048339844,0.9909846186637878,1120.75,493.44287109375,0.9853694438934326,952.6693725585938,468.136962890625,0.987335205078125,1044.682861328125,546.6795043945312,0.9496964812278748
741,1117.188232421875,237.90940856933594,0.9909807443618774,1005.373291015625,326.64349365234375,0.9889507293701172,1128.1630859375,494.7871398925781,0.9854130148887634,959.6659545898438,477.39349365234375,0.9920717477798462,1053.04150390625,550.9166870117188,0.9443991184234619
742,1118.39990234375,240.01370239257812,0.9925495386123657,1006.998046875,329.2134704589844,0.9852907657623291,1131.6201171875,497.2845764160156,0.9831240177154541,965.450439453125,483.9692077636719,0.9918020963668823,1059.2803955078125,555.0159301757812,0.9467887878417969
743,1119.696533203125,241.25418090820312,0.9944286346435547,1008.4423217773438,331.8936767578125,0.9917781352996826,1136.4814453125,500.4055480957031,0.9828197956085205,974.8843994140625,491.69317626953125,0.9953176975250244,1067.92919921875,560.4482421875,0.945361852645874
744,1121.0216064453125,244.05918884277344,0.9967206716537476,1010.9664306640625,334.9298095703125,0.9936065077781677,1142.246337890625,503.62823486328125,0.9876610040664673,981.6377563476562,498.70513916015625,0.9864604473114014,1076.140869140625,563.7478637695312,0.9143083691596985
745,1122.1395263671875,246.52757263183594,0.9954231977462769,1013.05224609375,337.4338073730469,0.9929574131965637,1145.076904296875,506.4936828613281,0.9881134629249573,989.9312133789062,507.19476318359375,0.9939562082290649,1085.11376953125,568.3626708984375,0.9122798442840576
746,1123.6192626953125,248.966552734375,0.9930292367935181,1014.6845092773438,341.2035217285156,0.9923653602600098,1150.076904296875,508.58056640625,0.9891242980957031,996.8038330078125,514.5175170898438,0.9869652986526489,1092.34912109375,575.8515625,0.9222615361213684
747,1124.955810546875,250.9991912841797,0.9925329685211182,1016.5833129882812,344.9033508300781,0.9913691878318787,1155.6341552734375,512.7552490234375,0.9847803711891174,1002.243896484375,521.886962890625,0.9913953542709351,1093.973876953125,579.3355102539062,0.9113290309906006
748,1124.9793701171875,255.2086181640625,0.9937322735786438,1017.1915893554688,349.4486389160156,0.9882363080978394,1159.1295166015625,516.5439453125,0.9857812523841858,1007.1890258789062,524.8338012695312,0.9892092347145081,1093.66796875,581.9664916992188,0.9170750975608826
749,1123.4541015625,259.9591979980469,0.9968917369842529,1018.005615234375,353.6867370605469,0.9919614791870117,1158.2900390625,522.1578979492188,0.9860782623291016,1007.6910400390625,523.6964721679688,0.9888938069343567,1091.8887939453125,581.8764038085938,0.9200149774551392
750,1124.6370849609375,263.44891357421875,0.9928978681564331,1018.4972534179688,358.9625244140625,0.988511323928833,1157.498291015625,524.6681518554688,0.9843524098396301,1004.6630859375,520.0526733398438,0.9892457723617554,1088.5443115234375,582.3159790039062,0.9143713116645813
751,1126.6097412109375,265.1522216796875,0.9868338108062744,1019.283447265625,363.33599853515625,0.9925316572189331,1156.0284423828125,528.9273071289062,0.9733448028564453,999.4450073242188,515.6087036132812,0.9830584526062012,1078.14208984375,583.0889282226562,0.937339186668396
752,1127.2618408203125,269.4501037597656,0.9898226857185364,1021.0176391601562,366.6257019042969,0.9919979572296143,1152.1124267578125,533.65625,0.9781882762908936,997.0059204101562,513.0665283203125,0.989001452922821,1072.8426513671875,583.6004638671875,0.9265226125717163
753,1126.892333984375,271.5484924316406,0.9872044324874878,1021.1478271484375,370.53472900390625,0.9934081435203552,1147.0692138671875,538.2992553710938,0.9857755899429321,991.16552734375,512.7659912109375,0.9922171235084534,1068.5047607421875,584.4277954101562,0.942328691482544
754,1127.2257080078125,274.6894226074219,0.9924266338348389,1020.9102172851562,373.0597229003906,0.9912092685699463,1145.078369140625,539.1876831054688,0.9877311587333679,984.8297729492188,513.2587890625,0.9869012832641602,1060.7017822265625,585.236083984375,0.9593684673309326
755,1127.169677734375,277.96630859375,0.9904327392578125,1020.4315795898438,375.7919921875,0.984306812286377,1142.9205322265625,541.4415893554688,0.9829920530319214,980.8492431640625,512.0452880859375,0.9888993501663208,1057.74365234375,586.9404907226562,0.9593973159790039
756,1126.3104248046875,280.0899658203125,0.9828788042068481,1019.5814208984375,377.0726013183594,0.9878509044647217,1140.0140380859375,542.6787719726562,0.978035032749176,976.236328125,511.6360168457031,0.9887971878051758,1050.9566650390625,585.5870361328125,0.9621003866195679
757,1127.7978515625,280.32086181640625,0.9785168170928955,1018.9904174804688,377.6741638183594,0.9901990294456482,1136.97265625,542.9445190429688,0.9663162231445312,972.6122436523438,510.9615783691406,0.991811990737915,1046.728515625,587.1358032226562,0.9741947650909424
758,1127.493408203125,280.4541015625,0.9796770215034485,1018.144287109375,377.3447570800781,0.9893574118614197,1133.1763916015625,544.0398559570312,0.9565995931625366,968.2316284179688,509.7286682128906,0.9890644550323486,1042.622802734375,588.3179321289062,0.976517915725708
759,1126.865966796875,280.429931640625,0.9794623851776123,1017.0067138671875,376.5672302246094,0.9864940643310547,1128.9527587890625,545.0128173828125,0.9691467881202698,964.7033081054688,506.42315673828125,0.9945485591888428,1037.0535888671875,587.6576538085938,0.9571553468704224
760,1125.5411376953125,280.6504211425781,0.9827883243560791,1015.934326171875,374.4293518066406,0.9878426194190979,1126.4798583984375,543.6054077148438,0.9758924245834351,960.4403076171875,505.13214111328125,0.9935804605484009,1031.6749267578125,588.207763671875,0.9726610779762268
761,1124.9239501953125,280.247314453125,0.9889500141143799,1014.4072265625,372.9527893066406,0.9911953210830688,1121.2144775390625,542.8805541992188,0.975314736366272,958.5358276367188,505.4063415527344,0.9940381050109863,1027.57958984375,588.6976318359375,0.9739543795585632
762,1124.2025146484375,279.1314392089844,0.9933736324310303,1013.0291137695312,370.6177978515625,0.9927921295166016,1116.064697265625,541.6880493164062,0.9797202944755554,953.7440795898438,504.35601806640625,0.988426148891449,1021.05517578125,587.0513305664062,0.9589285850524902
763,1123.9957275390625,277.8005676269531,0.9957420825958252,1011.7413330078125,368.7693176269531,0.991348385810852,1112.563720703125,540.7969360351562,0.9807620048522949,951.1744384765625,500.3163146972656,0.9892380833625793,1014.4515991210938,587.8206176757812,0.9755293726921082
764,1123.9375,275.25433349609375,0.994085967540741,1009.5902709960938,366.75421142578125,0.9910014271736145,1110.218017578125,540.0171508789062,0.9904696345329285,947.6631469726562,497.1209411621094,0.9898956418037415,1011.6537475585938,588.05517578125,0.9780540466308594
765,1123.570556640625,272.7795104980469,0.9922753572463989,1007.7369995117188,364.33447265625,0.9895235300064087,1106.2950439453125,538.8099975585938,0.9895336031913757,944.84619140625,495.8763732910156,0.9918673038482666,1005.7144775390625,587.1928100585938,0.9618293046951294
766,1122.9290771484375,271.0267333984375,0.9876058101654053,1006.9588012695312,362.7422180175781,0.9877428412437439,1105.0413818359375,537.171875,0.981932520866394,942.6497802734375,493.4227600097656,0.9924855828285217,1002.7672729492188,586.2748413085938,0.9709987640380859
767,1122.79345703125,269.5924377441406,0.9899682998657227,1005.7178344726562,360.6915283203125,0.9850585460662842,1103.6348876953125,535.4945068359375,0.9743391275405884,939.9832153320312,492.10272216796875,0.995512843132019,997.3068237304688,587.11376953125,0.9813573360443115
768,1122.259521484375,267.6442565917969,0.9927423000335693,1005.4304809570312,359.15777587890625,0.9866840243339539,1101.719970703125,534.7229614257812,0.9783154726028442,937.1370849609375,491.0738220214844,0.9923786520957947,993.0662231445312,586.8610229492188,0.9687278270721436
769,1121.318115234375,266.55230712890625,0.9921108484268188,1004.7500610351562,357.33111572265625,0.9910991191864014,1100.07568359375,531.9783325195312,0.9824705123901367,935.12451171875,488.35955810546875,0.9948234558105469,989.0927124023438,585.3204345703125,0.9594985246658325
770,1120.683349609375,264.9501647949219,0.9909685850143433,1003.7493286132812,354.7305908203125,0.9932905435562134,1097.90087890625,529.023193359375,0.9799721240997314,932.2784423828125,486.87835693359375,0.9935300350189209,981.8782958984375,585.7658081054688,0.9782049655914307
771,1120.5797119140625,264.0820617675781,0.9893004298210144,1003.3473510742188,352.5869140625,0.9929202795028687,1094.669677734375,529.0341186523438,0.9791321158409119,930.6083984375,485.61456298828125,0.9916378259658813,978.212158203125,585.8009643554688,0.9743738770484924
772,1120.82568359375,265.10821533203125,0.991234540939331,1003.2385864257812,351.1425476074219,0.9931207895278931,1093.251220703125,526.5283813476562,0.9851369857788086,928.8264770507812,485.6612548828125,0.9908775091171265,974.0262451171875,584.8658447265625,0.954662561416626
773,1121.0673828125,264.2684326171875,0.9922930002212524,1002.9268798828125,349.4735107421875,0.9919446110725403,1090.698974609375,525.1080322265625,0.9899992346763611,925.9865112304688,485.05194091796875,0.992733359336853,967.7434692382812,585.0997314453125,0.9600417017936707
774,1121.22119140625,263.19195556640625,0.9954939484596252,1002.7249145507812,348.45452880859375,0.9919804334640503,1088.368408203125,524.35205078125,0.9879039525985718,923.8746337890625,483.19866943359375,0.9945527911186218,964.6439819335938,584.326904296875,0.9639841318130493
775,1121.3121337890625,262.46380615234375,0.9966621398925781,1002.4869995117188,347.4861755371094,0.992546558380127,1085.3115234375,524.2850952148438,0.9873675107955933,921.8331909179688,481.0406188964844,0.989876925945282,960.0326538085938,584.498046875,0.9186489582061768
776,1121.8760986328125,261.8983154296875,0.9967920184135437,1002.5582885742188,346.9550476074219,0.9929890632629395,1083.49072265625,523.5892944335938,0.9907215237617493,919.0115966796875,477.8802490234375,0.9907732605934143,955.63720703125,583.9537963867188,0.9483531713485718
777,1122.404296875,261.3450927734375,0.9970065355300903,1002.5673828125,346.0865173339844,0.9917899966239929,1080.0562744140625,522.4761352539062,0.9880502223968506,916.4828491210938,476.58551025390625,0.9953471422195435,952.4341430664062,583.6656494140625,0.9503816366195679
778,1122.7501220703125,260.9079895019531,0.9970060586929321,1002.6470947265625,345.4777526855469,0.9919990301132202,1079.5672607421875,522.0372314453125,0.9891020059585571,913.0654907226562,475.4629211425781,0.9937605261802673,947.0252685546875,581.5302124023438,0.9711068272590637
779,1123.021484375,260.7579650878906,0.9970866441726685,1002.76611328125,345.0815124511719,0.9912238717079163,1076.9586181640625,521.3587036132812,0.989901602268219,910.7516479492188,475.7757873535156,0.9911221861839294,942.8643798828125,582.488037109375,0.9362282752990723
780,1123.3310546875,260.73846435546875,0.9967296123504639,1003.0767822265625,344.92120361328125,0.9894692301750183,1075.093994140625,520.3743896484375,0.9888261556625366,907.6837768554688,475.3719177246094,0.9930948615074158,938.0848999023438,581.9962768554688,0.9577047824859619
781,1123.52490234375,261.0533447265625,0.9964789152145386,1003.013427734375,344.94720458984375,0.989774227142334,1072.00390625,519.9923095703125,0.9830394387245178,905.2986450195312,474.78680419921875,0.9921613931655884,932.473876953125,579.9511108398438,0.9760000705718994
782,1123.634521484375,262.0108947753906,0.9959814548492432,1003.48876953125,345.08636474609375,0.9912550449371338,1070.34375,520.5148315429688,0.9843958616256714,902.9518432617188,472.4673767089844,0.9869189262390137,929.40185546875,580.0745849609375,0.9620286226272583
783,1123.6861572265625,262.7599792480469,0.995910108089447,1003.5144653320312,345.7919006347656,0.9917725324630737,1068.1732177734375,520.8468017578125,0.9855475425720215,900.2913208007812,471.472412109375,0.9909070134162903,924.63427734375,580.1561889648438,0.9644584655761719
784,1123.9505615234375,263.57623291015625,0.9941655993461609,1003.7134399414062,346.2202453613281,0.9931502342224121,1066.3663330078125,520.9277954101562,0.9851844310760498,897.9246215820312,471.0084228515625,0.9856868982315063,921.0794067382812,579.8279418945312,0.9678435921669006
785,1123.91650390625,264.43280029296875,0.9923973083496094,1004.0350952148438,346.2245178222656,0.9916183948516846,1063.8345947265625,520.6674194335938,0.979906439781189,895.9376220703125,470.9483337402344,0.9774104356765747,915.6442260742188,577.7291870117188,0.9693803191184998
786,1124.7236328125,264.1893005371094,0.9902396202087402,1004.5147094726562,346.91162109375,0.9920386672019958,1062.1610107421875,520.5348510742188,0.9829769134521484,893.689697265625,470.7123107910156,0.9823936820030212,911.1141357421875,577.8834838867188,0.9484167098999023
787,1125.4996337890625,265.3450012207031,0.9916701316833496,1005.4705810546875,347.9856262207031,0.9911133050918579,1061.2677001953125,520.7740478515625,0.985182523727417,890.9948120117188,470.2084045410156,0.9900330305099487,907.9714965820312,578.85009765625,0.9679739475250244
788,1126.385986328125,266.4187927246094,0.9920907616615295,1006.5792846679688,349.4677429199219,0.989976167678833,1059.287353515625,521.1099853515625,0.9838880300521851,888.8077392578125,469.3106689453125,0.9878495931625366,903.306396484375,577.6406860351562,0.9596070051193237
789,1127.0714111328125,267.6566467285156,0.9877246618270874,1007.7255249023438,350.1804504394531,0.9881093502044678,1058.105224609375,521.296875,0.974783182144165,888.3306884765625,468.8024597167969,0.9732710123062134,898.09765625,577.2937622070312,0.96562260389328
790,1127.5279541015625,268.9241638183594,0.9804771542549133,1008.6223754882812,351.368896484375,0.989488422870636,1057.1839599609375,520.97802734375,0.9780844449996948,885.872314453125,468.4009094238281,0.9863851070404053,893.9158935546875,578.3850708007812,0.9694312810897827
791,1126.709716796875,271.450927734375,0.9881282448768616,1009.4385986328125,353.6456604003906,0.9903777837753296,1055.4093017578125,521.3444213867188,0.9704564809799194,883.8133544921875,467.6661682128906,0.9884055852890015,890.1978149414062,578.5473022460938,0.9668651223182678
792,1125.375244140625,272.744384765625,0.9908803701400757,1009.7337036132812,354.9555358886719,0.9902869462966919,1053.8670654296875,522.3717041015625,0.9687260389328003,880.5917358398438,466.6322021484375,0.9886009693145752,885.4944458007812,577.0843505859375,0.9654231071472168
793,1125.4398193359375,274.73956298828125,0.9932990670204163,1010.4271850585938,356.54583740234375,0.990559995174408,1052.9056396484375,522.3675537109375,0.9694043397903442,878.667236328125,466.7159423828125,0.9930692911148071,880.4754028320312,577.4574584960938,0.9504286050796509
794,1125.5281982421875,276.1662292480469,0.9928165674209595,1010.6310424804688,357.6898498535156,0.9914638996124268,1051.439697265625,522.85986328125,0.978413462638855,876.7235717773438,466.3573303222656,0.9945386648178101,878.1813354492188,577.0239868164062,0.9678258895874023
795,1125.653076171875,278.4311218261719,0.9888613820075989,1010.9595947265625,359.18658447265625,0.9891980886459351,1050.5504150390625,522.8162841796875,0.9777103662490845,875.1754760742188,466.72784423828125,0.9932692050933838,873.2293701171875,577.33349609375,0.9684445858001709
796,1125.8453369140625,279.62615966796875,0.9869516491889954,1010.6329956054688,359.9841003417969,0.9900068044662476,1049.7503662109375,522.7366943359375,0.9821048974990845,873.6760864257812,466.4800109863281,0.9914079904556274,869.203857421875,575.8310546875,0.9643527269363403
797,1126.532470703125,280.3790283203125,0.9842193722724915,1011.1565551757812,361.2004699707031,0.991972029209137,1048.7509765625,522.72314453125,0.9826500415802002,872.38525390625,466.91644287109375,0.9878809452056885,865.3869018554688,576.9356689453125,0.9543457627296448
798,1127.391845703125,280.717041015625,0.9887610673904419,1011.4876708984375,361.54150390625,0.9923416376113892,1048.4859619140625,523.33154296875,0.9835816025733948,872.63232421875,466.2127380371094,0.984595775604248,861.9727783203125,575.9508056640625,0.9712685346603394
799,1127.89208984375,281.23291015625,0.9903759956359863,1011.6890258789062,362.36590576171875,0.9918144941329956,1047.9346923828125,523.3992309570312,0.9867157936096191,871.8137817382812,466.3200988769531,0.9877946972846985,856.1824340820312,575.3421630859375,0.9744366407394409
800,1128.0264892578125,282.2394714355469,0.9861533641815186,1011.3369750976562,363.12060546875,0.9909169673919678,1048.00732421875,523.3279418945312,0.9870423674583435,870.9384765625,466.4130859375,0.9898386001586914,853.3248291015625,574.8685913085938,0.96482253074646
801,1127.5194091796875,283.0968322753906,0.9836969971656799,1010.9927368164062,363.878173828125,0.9889040589332581,1047.393310546875,523.3571166992188,0.9884055852890015,870.1571655273438,466.900634765625,0.9909226298332214,848.8380126953125,573.311279296875,0.9588016867637634
802,1126.9356689453125,282.92730712890625,0.9828518629074097,1010.0350952148438,364.138916015625,0.9875319004058838,1046.2645263671875,523.4276733398438,0.9913463592529297,868.9885864257812,466.9317932128906,0.9923945665359497,844.3713989257812,572.82177734375,0.9718418121337891
803,1127.6375732421875,283.599853515625,0.9806650280952454,1009.3424682617188,364.28643798828125,0.9870741367340088,1044.02978515625,523.4080200195312,0.9902037382125854,867.463623046875,467.3507080078125,0.9926439523696899,841.54736328125,572.4790649414062,0.9748883247375488
804,1126.529296875,283.9737854003906,0.984439492225647,1008.1170654296875,364.7362365722656,0.9841522574424744,1043.84716796875,522.9127197265625,0.988978385925293,866.6149291992188,467.3470458984375,0.9931788444519043,838.5437622070312,573.484130859375,0.9721755981445312
805,1125.9241943359375,283.54443359375,0.985966682434082,1007.1171264648438,365.853515625,0.9843508005142212,1042.275634765625,522.7839965820312,0.9864633083343506,864.7908325195312,467.6741638183594,0.9911131858825684,834.5072631835938,572.81494140625,0.9669305086135864
806,1123.61767578125,282.88482666015625,0.9910229444503784,1006.1007690429688,365.0704345703125,0.9874600768089294,1041.1241455078125,522.1458740234375,0.9814786314964294,862.9449462890625,467.61181640625,0.9933764338493347,831.6263427734375,572.5071411132812,0.9551389217376709
807,1122.2568359375,281.8644714355469,0.9892255663871765,1004.3853149414062,363.0953369140625,0.9900889992713928,1040.337890625,520.9918212890625,0.9714629650115967,861.5889282226562,467.7471923828125,0.9943864941596985,827.800537109375,572.820068359375,0.954840898513794
808,1120.68603515625,281.217041015625,0.9877032041549683,1003.888671875,361.168701171875,0.9898329377174377,1040.970947265625,519.3782348632812,0.9701482057571411,860.3734130859375,468.1392822265625,0.9946850538253784,823.349609375,573.5433959960938,0.9635597467422485
809,1119.70947265625,280.1678161621094,0.986796498298645,1003.3429565429688,360.13690185546875,0.9882003664970398,1040.30419921875,517.937744140625,0.9705102443695068,859.7334594726562,468.3058166503906,0.9948580265045166,818.6290283203125,572.560302734375,0.9609960317611694
810,1119.268310546875,277.2640075683594,0.9927604794502258,1003.06884765625,358.26776123046875,0.9893991947174072,1040.1051025390625,516.0858764648438,0.9748438596725464,858.982177734375,468.75872802734375,0.9944905638694763,815.5528564453125,571.265869140625,0.924022376537323
811,1118.5430908203125,275.7615051269531,0.9880260229110718,1002.3221435546875,356.1829528808594,0.9909385442733765,1039.63134765625,514.3148803710938,0.9728803634643555,858.5501098632812,469.3850402832031,0.9938246011734009,808.178466796875,571.1390380859375,0.9282914400100708
812,1117.681884765625,273.5895080566406,0.9898694753646851,1001.3854370117188,354.4913635253906,0.9909219741821289,1039.2457275390625,512.4421997070312,0.969167947769165,858.3999633789062,470.1780700683594,0.9926243424415588,804.5126953125,570.1456909179688,0.9606764316558838
813,1117.4422607421875,271.8040771484375,0.9854210019111633,1000.1661376953125,352.3369140625,0.9889562129974365,1038.6802978515625,510.7938537597656,0.9733947515487671,858.5966796875,471.00567626953125,0.9891387224197388,801.6436767578125,571.0759887695312,0.9548811912536621
814,1117.994140625,268.7366638183594,0.9801855087280273,999.4805908203125,350.014404296875,0.9866943955421448,1038.8179931640625,510.005859375,0.9738296270370483,858.9361572265625,471.7408752441406,0.9859466552734375,799.4319458007812,567.1456909179688,0.9114760756492615
815,1117.2255859375,267.73419189453125,0.9819265604019165,1001.096435546875,348.4623718261719,0.9865202903747559,1039.881591796875,509.1858215332031,0.9792193174362183,859.9603881835938,471.2122802734375,0.9827027916908264,794.3742065429688,567.7015991210938,0.9395309686660767
816,1116.0648193359375,266.293212890625,0.9894416332244873,1000.4376831054688,347.75433349609375,0.9902310967445374,1040.989990234375,508.5233154296875,0.9854410886764526,861.0909423828125,471.1423645019531,0.9774739742279053,791.5003662109375,563.080322265625,0.9653019905090332
817,1115.970458984375,263.9915466308594,0.9861624240875244,1000.2088012695312,346.1712951660156,0.9904689788818359,1041.7579345703125,507.8445739746094,0.986348032951355,862.4656982421875,470.6761474609375,0.9756332635879517,789.96923828125,561.304931640625,0.961732029914856
818,1115.56103515625,261.1634826660156,0.9919973015785217,999.7532348632812,344.3808898925781,0.9908177852630615,1042.597900390625,507.82708740234375,0.989654541015625,864.36474609375,468.1595458984375,0.9785466194152832,791.9423217773438,557.9293212890625,0.9571198225021362
819,1114.7086181640625,259.4941711425781,0.9943591356277466,999.3628540039062,342.7836608886719,0.9904839992523193,1043.59375,507.3913269042969,0.9912847280502319,867.5165405273438,464.2911682128906,0.9853101968765259,790.301513671875,559.4019775390625,0.9604376554489136
820,1115.1827392578125,256.5543212890625,0.9932077527046204,999.2041015625,340.1552734375,0.9928625822067261,1045.6561279296875,507.0370788574219,0.9922284483909607,870.2537841796875,462.3279724121094,0.9879684448242188,792.4522705078125,557.5543823242188,0.943658173084259
821,1116.08642578125,254.0137176513672,0.9869973659515381,998.7984008789062,338.6385803222656,0.9933056831359863,1047.388916015625,506.8203430175781,0.9891853332519531,872.04443359375,460.66156005859375,0.9881216883659363,794.7201538085938,557.336669921875,0.9508215188980103
822,1116.3648681640625,252.5835418701172,0.9889312982559204,998.7394409179688,336.3655700683594,0.9919748306274414,1048.6954345703125,506.1658020019531,0.9806506037712097,875.8279418945312,459.5531311035156,0.9875044822692871,798.2451171875,556.734375,0.957098126411438
823,1115.9593505859375,250.89593505859375,0.990990161895752,999.3849487304688,334.77716064453125,0.9887474775314331,1051.6820068359375,506.08709716796875,0.976917564868927,879.51806640625,458.9668273925781,0.9843988418579102,800.8803100585938,556.6309204101562,0.9680306911468506
824,1116.2862548828125,249.6925811767578,0.9894534349441528,999.6703491210938,333.40325927734375,0.99077969789505,1057.926025390625,503.3445129394531,0.976279616355896,882.240234375,458.6838073730469,0.9911630153656006,806.700927734375,557.403564453125,0.9506824016571045
825,1117.306884765625,247.12969970703125,0.9886239767074585,1000.0301513671875,332.09954833984375,0.9918984174728394,1061.8939208984375,503.0069885253906,0.9750739336013794,885.3934326171875,458.0221862792969,0.9909421801567078,814.1177368164062,561.2528686523438,0.9700591564178467
826,1117.55810546875,245.30247497558594,0.9917463064193726,1001.081298828125,330.1248779296875,0.9912070035934448,1067.6903076171875,502.0631408691406,0.9666329622268677,887.5542602539062,456.5294494628906,0.9872729778289795,824.0868530273438,561.1365966796875,0.9559826850891113
827,1118.713623046875,243.73660278320312,0.9907259345054626,1001.2503051757812,328.97259521484375,0.9893438220024109,1068.8702392578125,501.7928771972656,0.9713479280471802,889.7289428710938,455.4017333984375,0.9843056797981262,837.533203125,561.6860961914062,0.9551435708999634
828,1119.4046630859375,243.60208129882812,0.9937237501144409,1001.8883056640625,328.3080749511719,0.9896527528762817,1071.8685302734375,499.31671142578125,0.9636041522026062,891.1961669921875,451.61322021484375,0.9921616315841675,851.4963989257812,560.6928100585938,0.9595178365707397
829,1120.8187255859375,241.86767578125,0.9939572215080261,1003.54296875,326.7855529785156,0.99114990234375,1075.3858642578125,498.59783935546875,0.9724786877632141,893.4686279296875,447.67083740234375,0.9899132251739502,865.47119140625,562.707275390625,0.9639755487442017
830,1121.4991455078125,241.7701416015625,0.9935696125030518,1004.877197265625,325.2971496582031,0.993253231048584,1078.5703125,497.1812438964844,0.9679213762283325,895.9395141601562,444.3638000488281,0.988402247428894,879.0407104492188,565.8306884765625,0.9696521759033203
831,1122.47607421875,241.53155517578125,0.9926379323005676,1006.0423583984375,323.9607849121094,0.9932495355606079,1080.088134765625,495.75177001953125,0.9658529758453369,897.4570922851562,442.1450500488281,0.9930257797241211,893.6629028320312,564.1173095703125,0.9693344831466675
832,1124.576171875,241.3704833984375,0.9914417266845703,1007.8584594726562,322.1976013183594,0.9927153587341309,1083.5528564453125,494.35260009765625,0.9830198884010315,901.3595581054688,440.6315002441406,0.993526816368103,909.4449462890625,565.143310546875,0.9662555456161499
833,1125.9649658203125,240.4689483642578,0.9869289994239807,1008.8737182617188,320.9928283691406,0.9896144866943359,1087.116455078125,493.4949645996094,0.9830045700073242,904.8353881835938,441.3495178222656,0.992803692817688,924.4578857421875,561.582275390625,0.9596168994903564
834,1125.706787109375,240.24850463867188,0.9861328601837158,1010.1132202148438,319.9013671875,0.9865317940711975,1091.076416015625,493.5739440917969,0.9922738671302795,909.9912719726562,440.1911315917969,0.9916355609893799,936.0888061523438,557.7930297851562,0.9345365762710571
835,1128.43408203125,239.33187866210938,0.9881969690322876,1011.5571899414062,319.94793701171875,0.9890778064727783,1096.3948974609375,492.8962097167969,0.9923087358474731,913.381103515625,438.8894958496094,0.9851242899894714,948.376708984375,555.8274536132812,0.964510440826416
836,1129.141357421875,239.5196990966797,0.9913455247879028,1013.0155029296875,320.0320739746094,0.9914077520370483,1097.833984375,492.6050720214844,0.9922614097595215,917.9680786132812,438.904052734375,0.988869309425354,960.0533447265625,555.0732421875,0.9410635828971863
837,1130.6527099609375,240.00746154785156,0.9937257766723633,1014.8115234375,319.98516845703125,0.9912571907043457,1101.7862548828125,493.0289001464844,0.983675479888916,925.00634765625,441.3242492675781,0.9929476380348206,969.4953002929688,551.2290649414062,0.9287213087081909
838,1132.6685791015625,240.7797393798828,0.9936426877975464,1016.072265625,320.1018371582031,0.9898099899291992,1106.0635986328125,493.7702941894531,0.9829103946685791,929.14794921875,440.62445068359375,0.990696907043457,980.2881469726562,548.8013916015625,0.9613051414489746
839,1133.194580078125,240.8860626220703,0.9936139583587646,1016.4005737304688,320.2394104003906,0.9917582869529724,1111.414794921875,493.7370300292969,0.9876643419265747,935.3839721679688,442.7692565917969,0.9940904378890991,993.2679443359375,549.5132446289062,0.9393941164016724
840,1134.8271484375,241.51513671875,0.9927887320518494,1017.9462890625,321.46697998046875,0.9916396141052246,1115.759033203125,493.5196533203125,0.9838614463806152,940.9921264648438,447.652099609375,0.990811824798584,1006.410400390625,548.5918579101562,0.941271960735321
841,1135.349365234375,242.4415740966797,0.9922155141830444,1019.1590576171875,323.2635192871094,0.9925947189331055,1121.6800537109375,495.22943115234375,0.9820535778999329,947.493896484375,452.5782165527344,0.991470217704773,1020.3194580078125,551.275634765625,0.9388370513916016
842,1135.9407958984375,243.66213989257812,0.9933228492736816,1021.389404296875,325.76739501953125,0.9913475513458252,1127.866943359375,496.65380859375,0.9745402336120605,954.92578125,458.7286376953125,0.9943159818649292,1033.7119140625,553.3800659179688,0.9192068576812744
843,1135.9381103515625,245.6532440185547,0.9910551905632019,1022.7032470703125,328.3863525390625,0.9841728210449219,1131.4432373046875,499.978515625,0.984228253364563,961.875244140625,464.36279296875,0.989946186542511,1043.8099365234375,553.6275024414062,0.9577524065971375
844,1136.0557861328125,247.7421112060547,0.9885537028312683,1023.2825927734375,331.0794982910156,0.9870107769966125,1136.7244873046875,502.40869140625,0.9845508933067322,968.1336669921875,472.5362243652344,0.986518919467926,1052.824951171875,553.3113403320312,0.9244398474693298
845,1136.656005859375,249.32791137695312,0.9909917116165161,1025.1568603515625,334.05096435546875,0.991974949836731,1140.7161865234375,505.4147033691406,0.9869132041931152,974.9356689453125,481.64202880859375,0.9935839176177979,1062.8837890625,559.138427734375,0.9562016129493713
846,1137.234130859375,250.92530822753906,0.9921638369560242,1027.7021484375,336.9929504394531,0.9909281730651855,1145.3634033203125,508.17852783203125,0.9853408336639404,980.001708984375,489.2873840332031,0.9950196146965027,1070.8126220703125,562.8861083984375,0.9272185564041138
847,1136.7613525390625,254.24586486816406,0.991614580154419,1028.600341796875,341.0526123046875,0.9925809502601624,1152.7303466796875,510.2958984375,0.9814115166664124,990.0082397460938,501.4610900878906,0.9898093938827515,1077.6162109375,569.3267211914062,0.947985053062439
848,1136.4100341796875,256.61065673828125,0.9932433366775513,1029.9754638671875,345.4996337890625,0.9935095310211182,1158.704833984375,514.9006958007812,0.9808685779571533,995.7810668945312,507.9718322753906,0.9931967854499817,1085.2086181640625,577.3206787109375,0.9331539869308472
849,1136.7423095703125,259.36505126953125,0.995486855506897,1031.4139404296875,349.59466552734375,0.9923017024993896,1164.6492919921875,519.5095825195312,0.9823411703109741,1004.2319946289062,519.1839599609375,0.9877345561981201,1091.304443359375,582.5339965820312,0.9091055393218994
850,1137.1383056640625,263.60870361328125,0.9938945174217224,1031.875732421875,354.3945007324219,0.9901037216186523,1165.00390625,523.2492065429688,0.9849717617034912,1008.64111328125,521.1288452148438,0.9906624555587769,1091.9481201171875,584.99365234375,0.9114696979522705
851,1137.7564697265625,265.5679931640625,0.9925390481948853,1032.6895751953125,360.58258056640625,0.9854534864425659,1165.9051513671875,526.06298828125,0.9785414934158325,1008.943603515625,519.5178833007812,0.9885095357894897,1089.5426025390625,585.44775390625,0.9074448347091675
852,1139.043212890625,269.92926025390625,0.993439793586731,1033.5794677734375,364.9831237792969,0.9897321462631226,1165.50830078125,532.317626953125,0.9757310748100281,1007.7847290039062,517.5026245117188,0.9896531105041504,1083.3739013671875,583.7634887695312,0.9400650262832642
853,1138.0806884765625,274.6204833984375,0.996563196182251,1033.9913330078125,369.0596008300781,0.9913803339004517,1160.91943359375,537.0846557617188,0.9792442917823792,1003.96728515625,513.886474609375,0.9895901083946228,1079.600830078125,584.335205078125,0.9461116194725037
854,1137.9547119140625,279.0332336425781,0.9969230890274048,1033.2467041015625,374.229248046875,0.9882927536964417,1159.421630859375,540.1412963867188,0.986437201499939,1000.3364868164062,513.3209228515625,0.9772665500640869,1073.029296875,585.96044921875,0.945885181427002
855,1138.50244140625,280.58984375,0.9870277643203735,1033.88427734375,378.0616760253906,0.9908208847045898,1156.98828125,543.1087036132812,0.980195164680481,995.2734985351562,512.7607421875,0.9889726042747498,1068.1810302734375,585.77392578125,0.9549567699432373
856,1138.5611572265625,283.6123046875,0.9925143718719482,1033.5318603515625,380.4410705566406,0.9882868528366089,1154.28662109375,546.926513671875,0.980972945690155,990.3248291015625,513.3521728515625,0.9924520254135132,1063.8056640625,587.22021484375,0.9657055735588074
857,1138.978759765625,286.5852355957031,0.9905712008476257,1032.496826171875,382.6086730957031,0.9871184229850769,1149.8319091796875,551.027099609375,0.9773686528205872,984.487060546875,511.3291931152344,0.9842215776443481,1057.813720703125,588.6614990234375,0.9682735204696655
858,1137.49755859375,288.8583068847656,0.9937459230422974,1031.2818603515625,384.23907470703125,0.9902845621109009,1144.1199951171875,553.712890625,0.9834234714508057,978.73779296875,509.11383056640625,0.9951644539833069,1052.788818359375,588.7023315429688,0.9586155414581299
859,1136.88671875,290.7732238769531,0.9953654408454895,1029.8123779296875,385.73565673828125,0.9927576184272766,1141.9873046875,553.6967163085938,0.9855619668960571,974.9429321289062,508.85064697265625,0.9936553239822388,1047.581298828125,589.3638916015625,0.9720222353935242
860,1136.430908203125,291.5056457519531,0.9961063265800476,1027.85009765625,385.98162841796875,0.9923251271247864,1136.3348388671875,554.5382080078125,0.9719715118408203,971.1264038085938,508.35394287109375,0.9933912754058838,1042.629150390625,590.44775390625,0.9606364965438843
861,1135.8402099609375,291.902099609375,0.9955321550369263,1025.943603515625,385.4014892578125,0.9889799356460571,1130.8973388671875,555.3212890625,0.9808403849601746,966.654296875,504.6470642089844,0.9924635887145996,1034.691162109375,590.6550903320312,0.9670743346214294
862,1134.7744140625,291.5847473144531,0.9954519271850586,1023.3296508789062,384.2136535644531,0.9919050931930542,1126.7947998046875,555.423828125,0.9863468408584595,961.8602294921875,503.43603515625,0.9920874834060669,1031.3797607421875,590.3994140625,0.9716068506240845
863,1133.80322265625,290.73199462890625,0.9950792789459229,1021.4804077148438,382.0493469238281,0.99162358045578,1123.3565673828125,554.64697265625,0.9833522439002991,960.1869506835938,504.36932373046875,0.9912465810775757,1026.180419921875,591.3713989257812,0.9599477052688599
864,1132.9832763671875,289.69091796875,0.9949811697006226,1019.478759765625,381.1117858886719,0.991112232208252,1120.3883056640625,553.7979125976562,0.9747554063796997,958.1055297851562,503.74371337890625,0.9918566942214966,1021.0452880859375,591.2357788085938,0.953414797782898
865,1132.20556640625,288.59912109375,0.9943856596946716,1018.465087890625,379.29864501953125,0.9933665990829468,1114.10986328125,554.0838623046875,0.9792245626449585,953.9810791015625,501.4958190917969,0.9876105189323425,1016.577880859375,590.5886840820312,0.9725342392921448
866,1131.5455322265625,286.9322204589844,0.9908435344696045,1017.657470703125,377.7821044921875,0.9896916747093201,1114.4029541015625,551.8182983398438,0.9693647027015686,952.6639404296875,496.74249267578125,0.9875558018684387,1011.8175048828125,590.3534545898438,0.9652602672576904
867,1131.804931640625,285.8875427246094,0.9891031384468079,1016.9095458984375,375.91937255859375,0.984578549861908,1111.7044677734375,551.1015014648438,0.9643338322639465,947.605712890625,494.0938720703125,0.9915771484375,1006.2256469726562,589.6737670898438,0.9389992952346802
868,1131.262939453125,284.95709228515625,0.9898123741149902,1016.0184326171875,373.58685302734375,0.989256739616394,1108.4075927734375,549.9267578125,0.9797146320343018,944.5567016601562,491.9399719238281,0.9927051067352295,999.47265625,589.0841674804688,0.9723851680755615
869,1130.6884765625,283.8463134765625,0.9913027286529541,1014.9865112304688,372.1146545410156,0.9907150864601135,1105.078369140625,548.1666870117188,0.9798480868339539,942.9744873046875,491.4464416503906,0.9910517930984497,995.608642578125,589.1720581054688,0.9697009325027466
870,1130.265380859375,282.9678955078125,0.9925248622894287,1014.27001953125,370.6121520996094,0.9921835064888,1104.0107421875,546.0802001953125,0.9707802534103394,941.0042114257812,490.37982177734375,0.9933906197547913,989.4951782226562,588.1826171875,0.9539985656738281
871,1130.2518310546875,281.9618835449219,0.994164228439331,1013.5702514648438,369.284912109375,0.9923042058944702,1101.935791015625,545.0540161132812,0.9702586531639099,937.4216918945312,488.5980224609375,0.9912539720535278,984.6187133789062,587.6937866210938,0.9724795818328857
872,1130.3621826171875,281.33526611328125,0.9932488203048706,1013.3798217773438,368.0550537109375,0.9919255971908569,1098.6334228515625,543.4800415039062,0.9700467586517334,935.74365234375,486.52978515625,0.9858399033546448,982.1986694335938,588.28466796875,0.9715315103530884
873,1130.6533203125,280.56439208984375,0.9936286211013794,1012.488525390625,366.24652099609375,0.9940549731254578,1096.556396484375,541.0076904296875,0.9704910516738892,934.3411254882812,485.40460205078125,0.9888958930969238,977.6695556640625,588.1915893554688,0.972017228603363
874,1130.9249267578125,280.4273681640625,0.9924495816230774,1012.4937133789062,364.740966796875,0.9949480891227722,1094.7303466796875,540.5223999023438,0.9860416650772095,933.2679443359375,483.8842468261719,0.9904106855392456,972.2344360351562,587.8917846679688,0.9590010046958923
875,1131.71044921875,279.79559326171875,0.9911614060401917,1012.007080078125,363.23712158203125,0.9946614503860474,1092.60986328125,539.8964233398438,0.988959789276123,931.0738525390625,482.8901672363281,0.9901511669158936,968.8165283203125,587.19287109375,0.9620525240898132
876,1131.9501953125,280.2018737792969,0.991981029510498,1012.2401733398438,362.4078369140625,0.9941803216934204,1089.665771484375,539.7445068359375,0.9870262145996094,928.5217895507812,481.4032287597656,0.9906917810440063,965.2076416015625,586.5653686523438,0.9730655550956726
877,1132.409912109375,280.2393798828125,0.9915050864219666,1012.2459716796875,361.4100036621094,0.9939125776290894,1089.9490966796875,538.8871459960938,0.9876584410667419,926.3834228515625,480.499755859375,0.9922605752944946,959.1488647460938,586.1819458007812,0.9443309307098389
878,1132.7740478515625,280.47857666015625,0.990534782409668,1012.4099731445312,361.3323059082031,0.9934908747673035,1085.0599365234375,539.8621215820312,0.981839656829834,924.0008544921875,479.60308837890625,0.9904758930206299,953.9080200195312,584.5714111328125,0.9596595764160156
879,1132.83349609375,280.6211853027344,0.9915635585784912,1012.2335815429688,361.1880187988281,0.9924231767654419,1082.26904296875,538.8394775390625,0.9869976043701172,921.3595581054688,477.69775390625,0.9881556630134583,949.418212890625,583.6676025390625,0.9592866897583008
880,1133.416259765625,280.6847229003906,0.9923539161682129,1012.04248046875,361.1441345214844,0.9925611019134521,1080.1973876953125,538.2236328125,0.9820461273193359,919.743896484375,476.0279541015625,0.9877203702926636,945.1693725585938,583.5975952148438,0.9438797235488892
881,1133.3997802734375,280.28472900390625,0.9923955202102661,1012.0205078125,361.2179870605469,0.9930386543273926,1079.3919677734375,537.8305053710938,0.9866114854812622,915.8238525390625,475.06146240234375,0.994689404964447,941.2112426757812,583.57763671875,0.9476664066314697
882,1133.5130615234375,280.87982177734375,0.9920789003372192,1011.8873291015625,361.6582336425781,0.993273138999939,1077.6153564453125,537.6551513671875,0.9880468845367432,912.7674560546875,474.7141418457031,0.9927430152893066,936.6072998046875,583.321044921875,0.9572685956954956
883,1133.560546875,281.8642272949219,0.9917824864387512,1011.8486938476562,362.22125244140625,0.9938751459121704,1075.936279296875,537.4661254882812,0.9859872460365295,909.4351806640625,474.9104309082031,0.9895627498626709,931.8361206054688,582.4902954101562,0.964339017868042
884,1133.322021484375,282.66424560546875,0.9904488325119019,1012.4341430664062,362.5501708984375,0.9944835901260376,1073.023193359375,537.3219604492188,0.9732964038848877,907.0283813476562,475.04150390625,0.9886900186538696,927.0242919921875,582.2314453125,0.931504487991333
885,1132.8880615234375,283.09002685546875,0.9918038845062256,1012.8272705078125,363.0409240722656,0.9952694177627563,1069.25439453125,538.4174194335938,0.9718564748764038,904.5934448242188,474.52783203125,0.9865222573280334,922.7741088867188,581.899658203125,0.9598844051361084
886,1133.443115234375,283.703857421875,0.9895449280738831,1013.6911010742188,363.5495300292969,0.9951745271682739,1067.48583984375,538.3585205078125,0.977643609046936,903.1428833007812,473.37225341796875,0.9871256351470947,917.8622436523438,580.3565673828125,0.9733604192733765
887,1133.4127197265625,284.6400146484375,0.9895842671394348,1014.1852416992188,364.4998779296875,0.9946197271347046,1066.822509765625,537.9426879882812,0.9762812256813049,900.0023193359375,472.2292785644531,0.9920321702957153,912.4937133789062,580.6326293945312,0.949575662612915
888,1133.5946044921875,285.5577392578125,0.9868811964988708,1014.88671875,365.7156982421875,0.9916658401489258,1064.1405029296875,537.3770141601562,0.9703431129455566,898.6979370117188,471.5694580078125,0.989996075630188,908.809814453125,580.6399536132812,0.9660665988922119
889,1133.6180419921875,286.5960693359375,0.9843828082084656,1015.2617797851562,366.6710510253906,0.9882750511169434,1064.1431884765625,537.5651245117188,0.9743552207946777,896.6649169921875,471.5008850097656,0.9827408790588379,903.3385620117188,580.5848999023438,0.9625470638275146
890,1133.597900390625,287.66937255859375,0.9887463450431824,1015.3233032226562,367.7400817871094,0.9890422821044922,1062.3154296875,537.6796875,0.9760236740112305,894.407958984375,471.809814453125,0.9784259796142578,898.7192993164062,578.8731079101562,0.9713937044143677
891,1133.6409912109375,288.4154968261719,0.9902389645576477,1016.1102294921875,368.7475891113281,0.9917516708374023,1061.646728515625,537.4270629882812,0.9786289930343628,891.9556274414062,471.54156494140625,0.9828610420227051,894.6342163085938,580.5521240234375,0.9544446468353271
892,1134.5579833984375,289.7953796386719,0.9926960468292236,1016.5684814453125,369.4535827636719,0.9921876192092896,1059.8128662109375,537.2277221679688,0.9762774705886841,889.5848999023438,471.4211730957031,0.9826648831367493,890.8090209960938,579.2903442382812,0.9677138328552246
893,1134.7432861328125,291.0374450683594,0.9921443462371826,1017.3181762695312,370.53643798828125,0.9932808876037598,1058.8458251953125,536.8690795898438,0.9751771688461304,887.922607421875,472.4051513671875,0.9831695556640625,886.7554321289062,579.1209716796875,0.9630165100097656
894,1135.082275390625,291.8596496582031,0.9930436611175537,1017.8668823242188,371.6423645019531,0.9940981268882751,1057.88525390625,536.3982543945312,0.9736357927322388,886.0659790039062,471.78631591796875,0.9882821440696716,882.115478515625,578.831298828125,0.9624661803245544
895,1135.376708984375,292.4924011230469,0.9923982620239258,1018.3115234375,372.2208251953125,0.9948411583900452,1057.1676025390625,535.7123413085938,0.9731286764144897,884.2352905273438,471.71929931640625,0.9904564619064331,879.0698852539062,580.395263671875,0.9508358240127563
896,1136.3060302734375,293.5937194824219,0.993162214756012,1019.0277099609375,372.8287353515625,0.994225025177002,1058.2301025390625,534.957763671875,0.9783267974853516,882.9331665039062,471.5741882324219,0.9911520481109619,872.477783203125,579.6049194335938,0.9568079113960266
897,1136.9805908203125,294.2715759277344,0.9926173090934753,1019.6682739257812,373.1978759765625,0.992839515209198,1059.3851318359375,533.5564575195312,0.9821269512176514,882.205322265625,471.61578369140625,0.9918498992919922,869.0987548828125,577.454833984375,0.9679667949676514
898,1137.5567626953125,294.30963134765625,0.9921894669532776,1020.0130004882812,373.78973388671875,0.9913345575332642,1058.99560546875,533.1975708007812,0.9820592403411865,881.1921997070312,471.91571044921875,0.9929405450820923,865.1524658203125,577.7664184570312,0.9538487195968628
899,1137.7271728515625,294.5359802246094,0.9920281171798706,1020.02099609375,374.021484375,0.9904850125312805,1058.57763671875,532.580322265625,0.982913613319397,880.0780029296875,472.37860107421875,0.9905487298965454,861.9102783203125,578.2657470703125,0.9555056691169739
900,1137.4534912109375,294.916015625,0.9898965954780579,1019.7998046875,373.9053649902344,0.9902392625808716,1057.235107421875,531.5427856445312,0.9790948629379272,879.2515869140625,472.7306823730469,0.9868232011795044,857.6908569335938,578.8156127929688,0.9360551834106445
901,1136.896240234375,294.5720520019531,0.9908307790756226,1019.4955444335938,373.6445617675781,0.9903021454811096,1057.1141357421875,531.1265258789062,0.9793419241905212,879.22900390625,472.7762756347656,0.9856210350990295,853.6234130859375,575.6827392578125,0.9494782090187073
902,1136.713623046875,293.6612548828125,0.99285888671875,1018.9197998046875,373.1287536621094,0.9904876947402954,1056.5771484375,531.3350219726562,0.973335862159729,879.9403686523438,473.53887939453125,0.9819746017456055,850.9795532226562,575.9588012695312,0.9597171545028687
903,1136.15478515625,292.6040954589844,0.9930623769760132,1018.6224975585938,372.3013916015625,0.9904516339302063,1056.1409912109375,530.5936279296875,0.9750978350639343,879.5919799804688,473.4939880371094,0.98046875,848.17431640625,574.7245483398438,0.944985568523407
904,1135.4263916015625,290.7545471191406,0.9898908138275146,1017.8035278320312,371.25006103515625,0.9918603301048279,1056.589599609375,529.000732421875,0.9636582136154175,879.1382446289062,473.1280212402344,0.9848741292953491,845.0205078125,573.4414672851562,0.9447914361953735
905,1135.4622802734375,289.00146484375,0.9875549077987671,1017.2991943359375,370.3967590332031,0.9922781586647034,1057.1407470703125,527.1343994140625,0.9722658395767212,879.1863403320312,473.04205322265625,0.9829598069190979,840.3567504882812,574.4102172851562,0.9433528184890747
906,1136.14208984375,287.2987365722656,0.9818123579025269,1016.7308349609375,368.47589111328125,0.9909250140190125,1056.662109375,526.3190307617188,0.9749056100845337,879.2308349609375,472.8135986328125,0.9820018410682678,838.009033203125,575.0226440429688,0.9564350843429565
907,1135.9615478515625,285.22979736328125,0.9850332736968994,1016.4595947265625,366.10101318359375,0.9892352819442749,1056.96533203125,525.4973754882812,0.9785667657852173,879.3895263671875,473.0631408691406,0.9817507266998291,835.4603881835938,575.1145629882812,0.965019166469574
908,1134.8209228515625,283.78192138671875,0.9831657409667969,1017.034912109375,365.0471496582031,0.984944760799408,1057.9791259765625,524.54052734375,0.9840381145477295,879.0313110351562,472.579345703125,0.9799534678459167,832.4266967773438,572.7130737304688,0.9431502819061279
909,1135.0296630859375,282.4482421875,0.9794194102287292,1016.9317626953125,363.67291259765625,0.9860036373138428,1058.8270263671875,523.7445678710938,0.988456130027771,880.0241088867188,473.09478759765625,0.9789924025535583,829.8426513671875,572.0201416015625,0.9030026197433472
910,1134.7113037109375,280.3972473144531,0.9785267114639282,1016.9639892578125,362.6255187988281,0.9886413812637329,1060.127685546875,523.370849609375,0.9915587306022644,881.782958984375,473.4894714355469,0.9924367070198059,827.6583862304688,574.9901733398438,0.9366245269775391
911,1134.354736328125,277.9618835449219,0.9835201501846313,1017.581298828125,360.6446228027344,0.9879727363586426,1061.2464599609375,522.892578125,0.9911395907402039,883.6632690429688,473.23077392578125,0.9955456256866455,824.3555297851562,572.2017211914062,0.9376904368400574
912,1134.2744140625,276.6968688964844,0.9903967380523682,1017.9691772460938,359.4349670410156,0.9888166189193726,1063.150634765625,522.7225341796875,0.98948073387146,886.1139526367188,473.7754821777344,0.9950134754180908,822.8147583007812,572.0391235351562,0.9572327733039856
913,1134.0242919921875,275.120849609375,0.991168737411499,1018.3272094726562,357.3674011230469,0.991619884967804,1064.0916748046875,522.042236328125,0.984114944934845,889.0060424804688,474.0136413574219,0.9905545711517334,821.7090454101562,570.9500122070312,0.9690577983856201
914,1134.9200439453125,272.2660827636719,0.9841848015785217,1018.7644653320312,354.9595031738281,0.9918562769889832,1066.181884765625,522.47216796875,0.9867053031921387,891.057861328125,475.0230407714844,0.987549901008606,820.69873046875,568.6331787109375,0.9684044718742371
915,1136.5382080078125,270.8162536621094,0.9894140958786011,1019.4540405273438,353.4500732421875,0.9915104508399963,1069.4903564453125,521.9780883789062,0.9786144495010376,895.2941284179688,474.8444519042969,0.9848721623420715,821.126708984375,568.3074951171875,0.9640852212905884
916,1136.8017578125,269.14111328125,0.9924620389938354,1020.1978759765625,351.1736145019531,0.9916006326675415,1074.2977294921875,519.9530029296875,0.9833618998527527,898.3734741210938,473.1439208984375,0.9932688474655151,823.125244140625,565.908935546875,0.9560627937316895
917,1137.934814453125,267.40155029296875,0.9926788210868835,1021.4228515625,350.2626953125,0.9888023138046265,1078.7283935546875,519.8754272460938,0.9793956279754639,904.3275756835938,470.0666809082031,0.9914061427116394,825.2700805664062,567.6298217773438,0.9557465314865112
918,1139.478759765625,264.94683837890625,0.9925627708435059,1022.2072143554688,349.82562255859375,0.9895918965339661,1083.46533203125,518.4384765625,0.9758118987083435,906.2782592773438,467.1964416503906,0.9916738271713257,829.605712890625,564.7164306640625,0.965333104133606
919,1140.0181884765625,263.35565185546875,0.9896635413169861,1023.8035278320312,348.20196533203125,0.9866416454315186,1088.6488037109375,516.4429931640625,0.9706915616989136,910.8884887695312,463.9888610839844,0.9882451295852661,834.8604736328125,563.2411499023438,0.9486576318740845
920,1141.1336669921875,262.25927734375,0.9893962144851685,1025.2513427734375,344.9165954589844,0.9866647720336914,1092.8492431640625,515.3005981445312,0.9780178666114807,915.060302734375,460.7139587402344,0.9876861572265625,843.7662963867188,564.070068359375,0.9584876298904419
921,1144.4078369140625,259.8234558105469,0.991424560546875,1028.040771484375,343.6492004394531,0.9895684123039246,1096.906982421875,513.465576171875,0.953065037727356,918.6262817382812,460.2605285644531,0.9889872074127197,855.2813110351562,565.9880981445312,0.9489471316337585
922,1145.58544921875,258.79583740234375,0.9939956665039062,1030.095703125,341.9477844238281,0.9929688572883606,1100.631591796875,512.3759765625,0.9530460834503174,920.9336547851562,459.22198486328125,0.9855690598487854,868.57080078125,568.9105834960938,0.9610087871551514
923,1147.8035888671875,257.2737121582031,0.9916137456893921,1031.9962158203125,340.60955810546875,0.9883447289466858,1105.072998046875,510.969482421875,0.945449948310852,923.5645141601562,457.4719543457031,0.9893090724945068,885.3733520507812,568.1285400390625,0.9583876132965088
924,1150.0220947265625,257.28009033203125,0.9906430244445801,1033.0560302734375,338.7293701171875,0.9918531179428101,1111.2734375,510.0341491699219,0.9646358489990234,927.9510498046875,456.2384033203125,0.9801956415176392,902.9734497070312,571.1025390625,0.9518972039222717
925,1150.593994140625,256.8954772949219,0.9868291616439819,1034.87646484375,337.60260009765625,0.993293821811676,1116.1092529296875,509.4544677734375,0.9662519693374634,931.6790161132812,455.1609191894531,0.9881808757781982,921.3629760742188,570.9368896484375,0.9446588158607483
926,1152.7689208984375,256.00445556640625,0.9825344681739807,1037.3624267578125,336.6260070800781,0.9933614730834961,1120.6824951171875,509.7276306152344,0.9789981842041016,935.6632080078125,453.44000244140625,0.9893019199371338,941.4838256835938,572.30517578125,0.9583834409713745
927,1154.779541015625,255.3719940185547,0.9896158576011658,1039.36328125,335.99603271484375,0.9916906952857971,1124.500244140625,509.64794921875,0.9886722564697266,939.5103759765625,454.4922790527344,0.9926655888557434,960.1668090820312,573.3755493164062,0.953324556350708
928,1155.1607666015625,256.40704345703125,0.9864706993103027,1041.5123291015625,336.1128234863281,0.9865304231643677,1128.4013671875,509.375,0.9861061573028564,945.2171020507812,454.6507568359375,0.98005610704422,977.6257934570312,571.9349975585938,0.9677348136901855
929,1157.0341796875,256.4815979003906,0.9873581528663635,1043.5189208984375,336.3199462890625,0.9906233549118042,1136.4703369140625,507.4332275390625,0.9811668395996094,951.597412109375,455.681884765625,0.9881528615951538,993.772705078125,570.8007202148438,0.9570745229721069
930,1156.5062255859375,256.712158203125,0.9812752604484558,1044.66796875,337.8868713378906,0.9934518337249756,1143.251220703125,508.0334167480469,0.9891713857650757,959.4163818359375,459.1435852050781,0.9908000230789185,1010.1392822265625,570.78759765625,0.9388985633850098
931,1156.470458984375,257.51568603515625,0.9845130443572998,1046.61767578125,338.6527099609375,0.9931657314300537,1149.505859375,507.42047119140625,0.9798066020011902,967.1616821289062,461.3266296386719,0.9926987886428833,1026.9583740234375,571.2001953125,0.9374109506607056
932,1156.8751220703125,258.4164733886719,0.9867140054702759,1047.9818115234375,340.3421936035156,0.99186110496521,1157.076171875,508.1866760253906,0.9887123107910156,975.1094360351562,468.77764892578125,0.9944149851799011,1043.8770751953125,571.4322509765625,0.9359362721443176
933,1161.2991943359375,258.2113952636719,0.9914672374725342,1048.9986572265625,342.6166687011719,0.9888079166412354,1164.15185546875,508.4395446777344,0.9843685030937195,982.4337768554688,473.76336669921875,0.9955601692199707,1058.341064453125,568.650146484375,0.9550121426582336
934,1161.2125244140625,259.2074279785156,0.9915229082107544,1051.2073974609375,345.59185791015625,0.9905205965042114,1172.7431640625,510.31744384765625,0.9861717224121094,991.7169189453125,484.0308837890625,0.994342565536499,1072.453369140625,568.3553466796875,0.9456721544265747
935,1161.181396484375,261.5287170410156,0.9930975437164307,1052.3819580078125,348.2054748535156,0.9918287992477417,1178.4722900390625,511.7299499511719,0.9731065034866333,1000.0321655273438,490.29974365234375,0.9953542947769165,1085.0255126953125,569.362548828125,0.9278149604797363
936,1160.956298828125,264.0257263183594,0.9897778630256653,1054.368896484375,350.7385559082031,0.991492748260498,1185.418701171875,515.8026733398438,0.9835331439971924,1010.329833984375,500.73724365234375,0.9882417917251587,1098.155517578125,574.4091796875,0.9612117409706116
937,1161.9410400390625,264.93975830078125,0.9927887916564941,1056.2119140625,355.1869201660156,0.9914448261260986,1190.0162353515625,519.8143310546875,0.9820321798324585,1017.7110595703125,508.84625244140625,0.9894678592681885,1108.6966552734375,577.5247802734375,0.9352181553840637
938,1162.3826904296875,266.44647216796875,0.9929290413856506,1057.6009521484375,359.63128662109375,0.984510064125061,1194.0538330078125,522.9124145507812,0.9846733808517456,1026.9808349609375,519.5369262695312,0.9822919368743896,1122.100830078125,585.6566162109375,0.9225071668624878
939,1162.8023681640625,268.7757263183594,0.9907503128051758,1058.138916015625,363.60693359375,0.9938700199127197,1199.827392578125,525.9070434570312,0.9759490489959717,1031.940673828125,526.6376342773438,0.9820857644081116,1126.56787109375,589.6157836914062,0.9250320196151733
940,1162.216796875,272.0845642089844,0.9955509901046753,1060.628662109375,367.48602294921875,0.9911094903945923,1203.9954833984375,529.9185180664062,0.9802297353744507,1039.0994873046875,536.7144775390625,0.9803507924079895,1127.4638671875,591.995849609375,0.9003688097000122
941,1162.5216064453125,276.54931640625,0.9960662126541138,1061.63232421875,372.26776123046875,0.992792010307312,1206.326171875,534.235107421875,0.977559506893158,1041.285888671875,535.0676879882812,0.9831808805465698,1127.6275634765625,591.61083984375,0.8917549252510071
942,1162.5093994140625,279.8013610839844,0.9908021688461304,1062.4700927734375,377.2694091796875,0.9936589002609253,1203.8905029296875,538.6126708984375,0.9853914976119995,1040.95166015625,532.8760375976562,0.9858121275901794,1125.674560546875,591.0645141601562,0.9262961149215698
943,1162.673828125,281.7356262207031,0.9889483451843262,1062.85302734375,380.92779541015625,0.9934431314468384,1201.64990234375,541.8206787109375,0.9815871119499207,1037.6912841796875,528.9947509765625,0.9935389757156372,1121.1796875,591.8510131835938,0.918653130531311
944,1162.4451904296875,284.8452453613281,0.987604558467865,1062.3729248046875,384.9532165527344,0.9914177656173706,1198.335205078125,546.6989135742188,0.9665173292160034,1033.6485595703125,527.3475952148438,0.9908324480056763,1114.695556640625,591.898193359375,0.9238380193710327
945,1162.7469482421875,287.8459777832031,0.9939924478530884,1062.1444091796875,388.4171142578125,0.9932163953781128,1194.1827392578125,551.9498291015625,0.9769268035888672,1028.6805419921875,524.6217041015625,0.9950569272041321,1108.0966796875,591.9032592773438,0.9333824515342712
946,1163.14404296875,291.08465576171875,0.9954034686088562,1061.260986328125,391.6114196777344,0.9909768104553223,1190.6826171875,554.3453369140625,0.9901270866394043,1024.655517578125,523.9923095703125,0.9944265484809875,1101.744384765625,594.8551025390625,0.911361813545227
947,1162.3153076171875,293.596435546875,0.9933302402496338,1059.791748046875,393.2969970703125,0.9934765100479126,1186.5877685546875,556.1123046875,0.9886288642883301,1020.3809814453125,525.2000732421875,0.9947400093078613,1097.4442138671875,594.2556762695312,0.9404083490371704
948,1161.5701904296875,295.2262268066406,0.9880463480949402,1058.4522705078125,394.5469055175781,0.9938328266143799,1182.0108642578125,557.2286376953125,0.9726936221122742,1014.7000732421875,522.679443359375,0.9945634603500366,1090.734375,594.57080078125,0.935882568359375
949,1160.991943359375,296.3429260253906,0.9837067127227783,1057.072509765625,394.3503112792969,0.9923045635223389,1177.54638671875,557.5130004882812,0.9784727692604065,1009.7139282226562,521.3701782226562,0.995339035987854,1084.58154296875,595.6527709960938,0.9118545055389404
950,1160.714599609375,296.0567626953125,0.9838696122169495,1055.115478515625,393.7279968261719,0.9863879680633545,1174.70068359375,558.7346801757812,0.978763222694397,1007.3229370117188,521.539794921875,0.9929019808769226,1078.9271240234375,594.775390625,0.9462238550186157
951,1160.240966796875,295.9412841796875,0.980749249458313,1053.8677978515625,392.14007568359375,0.9866555333137512,1171.3341064453125,558.0056762695312,0.9757554531097412,1002.2251586914062,520.0715942382812,0.9903885722160339,1074.128662109375,595.0656127929688,0.9451065063476562
952,1158.1907958984375,295.957763671875,0.9837719202041626,1051.90673828125,390.5604248046875,0.9899254441261292,1164.7874755859375,558.5281372070312,0.9650442600250244,998.2737426757812,518.1535034179688,0.9808559417724609,1069.2181396484375,596.55322265625,0.9375575184822083
953,1157.3052978515625,294.8999328613281,0.9916335344314575,1049.701171875,388.5457458496094,0.9919814467430115,1160.55419921875,557.4576416015625,0.9766259789466858,993.922607421875,515.58447265625,0.9854370355606079,1063.2098388671875,596.0847778320312,0.946258008480072
954,1156.9991455078125,293.3805236816406,0.9952744245529175,1047.96923828125,386.5717468261719,0.9891327619552612,1157.3734130859375,557.1427612304688,0.9830533266067505,989.9385986328125,514.4886474609375,0.99271559715271,1058.3603515625,595.7296752929688,0.9575779438018799
955,1156.1561279296875,291.59747314453125,0.9957501888275146,1046.837890625,384.0958251953125,0.9917516708374023,1154.3131103515625,556.0647583007812,0.9810904860496521,986.67138671875,512.4075927734375,0.9898271560668945,1053.984375,596.6185302734375,0.9457570314407349
956,1154.8521728515625,289.7926330566406,0.9946449995040894,1044.7078857421875,382.39935302734375,0.9936362504959106,1148.42236328125,555.6641235351562,0.9774041175842285,982.7969360351562,508.16302490234375,0.9936018586158752,1049.5635986328125,596.7384643554688,0.9463956356048584
957,1154.263671875,287.6158447265625,0.990875244140625,1042.037353515625,380.307373046875,0.9936630725860596,1144.960693359375,554.384765625,0.9810824394226074,978.3994140625,505.9208984375,0.9942107200622559,1046.7830810546875,595.9031372070312,0.9561460614204407
958,1154.267578125,286.131103515625,0.991394579410553,1040.3143310546875,378.1215515136719,0.9904966354370117,1142.7694091796875,553.5302124023438,0.9852330684661865,976.2868041992188,505.6990661621094,0.9922125339508057,1040.2620849609375,595.9641723632812,0.9463483691215515
959,1152.838623046875,284.1722717285156,0.9920625686645508,1039.0601806640625,376.7222595214844,0.98199462890625,1141.1590576171875,551.9354858398438,0.9806003570556641,973.5018310546875,504.85552978515625,0.9921975135803223,1033.9620361328125,596.6524047851562,0.9560844898223877
960,1151.7537841796875,282.52655029296875,0.9904765486717224,1038.108154296875,374.352783203125,0.9877679944038391,1138.2899169921875,549.9525146484375,0.9836556315422058,969.6721801757812,503.3003234863281,0.9832777380943298,1029.3074951171875,595.1012573242188,0.9658971428871155
961,1151.1732177734375,281.11163330078125,0.9903596639633179,1036.8668212890625,372.5897521972656,0.9928731322288513,1135.2318115234375,549.079345703125,0.976016104221344,967.8323364257812,498.54571533203125,0.9857911467552185,1023.8568115234375,595.44873046875,0.9445644617080688
962,1150.3443603515625,280.4453430175781,0.9907468557357788,1035.57177734375,369.59039306640625,0.9931666851043701,1132.639404296875,546.564697265625,0.9769854545593262,965.1466674804688,494.999755859375,0.9874534010887146,1018.58935546875,595.7003784179688,0.957237720489502
963,1149.57470703125,280.960205078125,0.9898504614830017,1034.7091064453125,367.9932556152344,0.992436945438385,1129.4224853515625,544.30615234375,0.9752299785614014,963.0164794921875,494.05914306640625,0.9909856915473938,1015.2510986328125,595.4150390625,0.9628729820251465
964,1148.8297119140625,279.5733642578125,0.9922206401824951,1033.6134033203125,366.70599365234375,0.9918092489242554,1126.3507080078125,544.3727416992188,0.9758754968643188,960.5877685546875,494.9897766113281,0.9888807535171509,1010.228271484375,594.1412353515625,0.9576671123504639
965,1148.829833984375,278.01373291015625,0.9953927397727966,1032.8729248046875,365.42108154296875,0.9892210364341736,1123.8167724609375,542.3013305664062,0.9835689067840576,958.401123046875,494.2113952636719,0.9920324087142944,1005.7818603515625,595.3853149414062,0.9434229135513306
966,1148.6275634765625,277.0736389160156,0.9957715272903442,1033.011962890625,364.2759704589844,0.9892182946205139,1121.5650634765625,541.1419677734375,0.9854425191879272,956.7491455078125,492.23150634765625,0.9940108060836792,1003.947998046875,595.2843017578125,0.9512163400650024
967,1148.29443359375,276.3721923828125,0.9963613748550415,1032.3157958984375,363.34686279296875,0.9926913380622864,1118.7774658203125,540.7333374023438,0.9811408519744873,954.2073974609375,490.93408203125,0.9941006898880005,996.141845703125,592.6492309570312,0.9640231132507324
968,1148.3253173828125,275.5531921386719,0.9960675239562988,1031.408447265625,362.6827697753906,0.9938004016876221,1115.5150146484375,539.8272094726562,0.9835106134414673,952.6058349609375,489.2374267578125,0.990044116973877,991.7705688476562,592.3623657226562,0.9298438429832458
969,1148.2734375,274.830810546875,0.9965292811393738,1030.434326171875,361.6803894042969,0.9942754507064819,1112.7669677734375,538.9559936523438,0.9861053228378296,949.2110595703125,487.29376220703125,0.9923688769340515,987.3074951171875,592.5834350585938,0.9591516256332397
970,1147.7305908203125,274.4991760253906,0.9967765808105469,1030.0887451171875,360.8885803222656,0.9942272901535034,1110.8692626953125,538.836669921875,0.9896436929702759,946.8379516601562,486.57568359375,0.9900199174880981,984.6051025390625,593.3480834960938,0.9390460252761841
971,1147.439453125,273.90509033203125,0.996330738067627,1029.1817626953125,360.59271240234375,0.9939601421356201,1108.826171875,538.3160400390625,0.9897292852401733,944.5855102539062,486.4265441894531,0.9810336232185364,977.8219604492188,592.6116943359375,0.9526838064193726
972,1146.8526611328125,274.3605041503906,0.9965378046035767,1028.3609619140625,360.30560302734375,0.9927533268928528,1107.218994140625,537.5826416015625,0.9851789474487305,941.41748046875,485.67578125,0.9917057752609253,972.4110107421875,591.954833984375,0.9447939395904541
973,1146.5054931640625,274.4828796386719,0.996211588382721,1027.515869140625,359.8616638183594,0.9915266633033752,1105.363037109375,537.1243896484375,0.9777617454528809,938.6292724609375,484.6275634765625,0.9922987222671509,969.414306640625,590.8902587890625,0.9554901123046875
974,1146.025634765625,275.0129699707031,0.996272087097168,1026.566650390625,360.1951904296875,0.9907287359237671,1101.326171875,537.9686279296875,0.9691969156265259,935.5130615234375,483.2598571777344,0.9850425720214844,965.6307983398438,591.8024291992188,0.9634565114974976
975,1145.3421630859375,275.09893798828125,0.9955735206604004,1026.2838134765625,360.0244140625,0.9911419749259949,1097.26708984375,538.0309448242188,0.9793626070022583,934.3682250976562,482.0596008300781,0.9860159158706665,959.7666625976562,591.5630493164062,0.9544432759284973
976,1144.7711181640625,275.9420166015625,0.9955148696899414,1025.774169921875,360.60552978515625,0.9908939003944397,1096.64892578125,538.0736694335938,0.9761656522750854,932.1417846679688,481.8443298339844,0.9891225099563599,955.1627807617188,590.6529541015625,0.9604136943817139
977,1143.93115234375,277.6041259765625,0.99407559633255,1025.73828125,361.2685241699219,0.9927573204040527,1095.656494140625,538.6296997070312,0.9824993014335632,928.765380859375,481.20501708984375,0.9871741533279419,952.4068603515625,589.9329833984375,0.9724018573760986
978,1142.81298828125,279.066650390625,0.988594114780426,1025.5126953125,362.6133728027344,0.9935377836227417,1093.5465087890625,538.9598999023438,0.990125298500061,926.4205322265625,481.0042724609375,0.9911786317825317,947.0147094726562,590.3495483398438,0.9692590832710266
979,1142.1998291015625,280.79278564453125,0.9849101901054382,1026.269775390625,364.4424133300781,0.9940757751464844,1091.3892822265625,539.412109375,0.9887187480926514,923.8341674804688,480.8751525878906,0.992519199848175,939.279296875,588.894287109375,0.9694756269454956
980,1142.9114990234375,281.2809143066406,0.986140251159668,1026.7027587890625,366.1260070800781,0.9930570125579834,1089.1107177734375,539.7326049804688,0.9843595027923584,921.7188110351562,479.86444091796875,0.9899792671203613,936.355712890625,588.54638671875,0.9747053384780884
981,1143.6475830078125,282.2630615234375,0.9883579015731812,1027.4281005859375,367.81439208984375,0.9921382665634155,1086.745849609375,540.502685546875,0.9747637510299683,919.4136962890625,478.14813232421875,0.9813714623451233,932.9749145507812,588.662109375,0.9649770259857178
982,1143.8984375,283.3406982421875,0.9863643646240234,1027.99853515625,368.9153137207031,0.9925297498703003,1084.8701171875,540.4719848632812,0.9806751608848572,916.0117797851562,478.2494201660156,0.9863477945327759,925.5328369140625,588.2642822265625,0.9561630487442017
983,1143.3564453125,285.2831115722656,0.9865012168884277,1028.08203125,371.09344482421875,0.9940531253814697,1081.5225830078125,540.9298706054688,0.9763333201408386,912.8842163085938,479.04559326171875,0.9858105182647705,920.0969848632812,588.0000610351562,0.9718171954154968
984,1143.006591796875,287.6014709472656,0.9841380715370178,1028.37646484375,372.92449951171875,0.9931898713111877,1080.7239990234375,541.7120971679688,0.9721076488494873,909.7555541992188,479.1736755371094,0.9930943250656128,917.6251831054688,587.6058959960938,0.9499779939651489
985,1141.3707275390625,288.69769287109375,0.9849265217781067,1028.744140625,374.6537170410156,0.9928917288780212,1079.7716064453125,542.073974609375,0.9763953685760498,906.668212890625,479.7421875,0.9939658045768738,911.9762573242188,588.1072998046875,0.9575510025024414
986,1141.4517822265625,290.81689453125,0.9899178743362427,1028.9107666015625,375.6627502441406,0.9919263124465942,1076.74560546875,542.2977294921875,0.9770098924636841,904.069580078125,479.84185791015625,0.9866689443588257,907.5384521484375,588.5195922851562,0.9729466438293457
987,1141.1810302734375,293.369140625,0.9874951839447021,1029.1033935546875,377.0127868652344,0.9923730492591858,1074.9312744140625,542.2763061523438,0.9712220430374146,903.767822265625,478.88690185546875,0.9845492839813232,902.8600463867188,587.7340698242188,0.970579981803894
988,1141.6346435546875,294.85369873046875,0.9890522360801697,1028.8714599609375,377.7303161621094,0.9929611682891846,1072.6295166015625,542.3703002929688,0.9676966667175293,901.5770874023438,479.0697021484375,0.9899553060531616,899.0672607421875,587.9210815429688,0.9544281959533691
989,1141.86669921875,296.51629638671875,0.9842064380645752,1028.65478515625,379.2236022949219,0.9926671981811523,1072.14697265625,542.0872802734375,0.9691976308822632,899.0855102539062,479.0600891113281,0.9893077611923218,892.9483032226562,586.9417114257812,0.9530516862869263
990,1142.348876953125,296.3424377441406,0.9821680784225464,1028.36376953125,380.378173828125,0.9915875196456909,1069.4215087890625,541.864990234375,0.9723262786865234,896.567626953125,480.152587890625,0.990988552570343,887.055908203125,587.3132934570312,0.9624377489089966
991,1142.91162109375,296.7295837402344,0.9805991053581238,1027.8431396484375,380.9861145019531,0.9911947250366211,1068.598388671875,541.4598388671875,0.9812463521957397,894.1105346679688,480.5765380859375,0.9932249784469604,884.3731079101562,585.875,0.954397439956665
992,1142.0693359375,297.4412841796875,0.9857273101806641,1027.1962890625,380.9873352050781,0.9894937872886658,1066.914794921875,541.3324584960938,0.984972357749939,891.8995361328125,480.4257507324219,0.994256854057312,880.2752685546875,587.0571899414062,0.9189776182174683
993,1141.4813232421875,296.9712219238281,0.9878718852996826,1026.005615234375,380.69158935546875,0.9875799417495728,1066.5731201171875,540.9231567382812,0.9844568967819214,889.7705078125,480.2173767089844,0.9910581111907959,872.7964477539062,585.4520874023438,0.9449653029441833
994,1140.43505859375,296.66796875,0.9879159331321716,1024.53369140625,381.2170104980469,0.9833157062530518,1065.4378662109375,540.5636596679688,0.9813368320465088,887.9733276367188,480.01690673828125,0.9826381206512451,870.0513916015625,585.4972534179688,0.954622209072113
995,1139.0782470703125,297.3774719238281,0.9886611104011536,1023.5239868164062,381.8137512207031,0.9836196899414062,1064.2645263671875,540.9560546875,0.9827775359153748,888.1607666015625,478.8914794921875,0.9794989824295044,869.055908203125,583.9112548828125,0.9489238262176514
996,1137.7110595703125,296.72161865234375,0.991007924079895,1022.2178955078125,381.2046813964844,0.986660361289978,1062.9014892578125,540.2274169921875,0.9891271591186523,886.1394653320312,478.2507629394531,0.9820229411125183,864.906494140625,582.9185791015625,0.9356528520584106
997,1136.91162109375,295.1728210449219,0.9902428388595581,1020.7514038085938,380.19830322265625,0.9898742437362671,1061.4085693359375,539.7799072265625,0.9912622570991516,884.869384765625,477.922607421875,0.9843011498451233,860.6248168945312,583.7560424804688,0.9155869483947754
998,1135.7672119140625,294.0235290527344,0.9879665374755859,1019.402587890625,378.12811279296875,0.9916375875473022,1059.95166015625,539.1449584960938,0.9906389713287354,883.6356201171875,477.4765625,0.9873453974723816,856.9209594726562,582.9807739257812,0.9324181079864502
999,1133.8897705078125,292.80572509765625,0.9859974384307861,1018.7936401367188,377.04541015625,0.9901773929595947,1059.0474853515625,537.9863891601562,0.9876539707183838,882.71142578125,476.7354736328125,0.989333987236023,853.6526489257812,583.49951171875,0.9347352385520935
